4 0.16875 0.59453125 0.0390625 0.146875
4 0.20625 0.3953125 0.0296875 0.0859375
5 0.66796875 0.6859375 0.1328125 0.2109375
5 0.95078125 0.6921875 0.0984375 0.21875
5 0.89921875 0.5890625 0.1296875 0.190625
5 0.83984375 0.51640625 0.1078125 0.16875
5 0.78828125 0.46171875 0.0921875 0.153125
5 0.74609375 0.40546875 0.0859375 0.1390625
5 0.69765625 0.36484375 0.071875 0.1234375
4 0.49921875 0.68828125 0.0578125 0.121875
4 0.45703125 0.53515625 0.034375 0.1734375
4 0.359375 0.48125 0.0359375 0.1609375
3 0.28359375 0.2859375 0.0875 0.2265625
4 0.38828125 0.36328125 0.0234375 0.115625
4 0.540625 0.2828125 0.025 0.090625
5 0.47421875 0.25625 0.053125 0.1
4 0.44296875 0.1890625 0.015625 0.065625
4 0.33828125 0.16484375 0.0171875 0.06875
5 0.353125 0.14140625 0.03125 0.065625
5 0.4203125 0.15078125 0.034375 0.06875
3 0.4234375 0.08984375 0.04375 0.0859375