4 0.60625 0.90546875 0.06875 0.1890625
4 0.43984375 0.77890625 0.05 0.275
4 0.48671875 0.528125 0.0359375 0.1546875
4 0.25703125 0.58203125 0.0359375 0.14375
4 0.2921875 0.38359375 0.0296875 0.0765625
3 0.36796875 0.2859375 0.0859375 0.228125
5 0.66328125 0.484375 0.0984375 0.1578125
5 0.96484375 0.5859375 0.0703125 0.1984375
5 0.934375 0.5078125 0.1140625 0.165625
5 0.87734375 0.45234375 0.096875 0.15625
5 0.834375 0.39453125 0.090625 0.134375
5 0.7828125 0.3546875 0.078125 0.1265625
5 0.53125 0.19609375 0.0453125 0.084375
4 0.44375 0.209375 0.01875 0.0859375
5 0.43828125 0.1671875 0.0390625 0.0703125
4 0.4875 0.1125 0.034375 0.0640625
4 0.57109375 0.18046875 0.01875 0.06875
4 0.36015625 0.14375 0.01875 0.053125
5 0.359375 0.08671875 0.0296875 0.05625