3 0.34375 0.303125 0.09375 0.2421875
5 0.60703125 0.4234375 0.084375 0.153125
4 0.48359375 0.678125 0.0625 0.2296875
4 0.23359375 0.5875 0.0390625 0.15
4 0.4328125 0.2421875 0.0265625 0.090625
4 0.33046875 0.15859375 0.021875 0.059375
4 0.26875 0.38359375 0.025 0.0828125
5 0.49765625 0.1828125 0.0421875 0.0890625
5 0.41953125 0.1890625 0.040625 0.0765625
5 0.39296875 0.08203125 0.0296875 0.046875
5 0.459375 0.103125 0.034375 0.0625
5 0.9140625 0.9109375 0.171875 0.175
5 0.95390625 0.5734375 0.0921875 0.1875
5 0.90546875 0.4984375 0.1109375 0.1765625
5 0.85 0.4421875 0.0984375 0.15
5 0.80703125 0.38828125 0.0875 0.140625
5 0.759375 0.353125 0.08125 0.1390625
3 0.4625 0.05078125 0.0390625 0.075
5 0.3359375 0.08984375 0.03125 0.05625