3 0.34609375 0.37734375 0.109375 0.2953125
3 0.4484375 0.0453125 0.0328125 0.0703125
5 0.71640625 0.61875 0.1328125 0.234375
5 0.56171875 0.315625 0.0640625 0.125
5 0.434375 0.2609375 0.0515625 0.0984375
5 0.3953125 0.11328125 0.034375 0.0546875
5 0.95078125 0.57421875 0.0984375 0.1921875
5 0.90234375 0.49140625 0.1 0.171875
5 0.85234375 0.44140625 0.0953125 0.1484375
5 0.80546875 0.3890625 0.09375 0.1296875
5 0.76171875 0.34375 0.0875 0.115625
5 0.4796875 0.1515625 0.040625 0.075
5 0.446875 0.09140625 0.0328125 0.0625
5 0.33515625 0.0953125 0.03125 0.053125
4 0.23515625 0.5953125 0.0375 0.1515625
4 0.45 0.3296875 0.0234375 0.109375
4 0.265625 0.39609375 0.028125 0.09375
4 0.321875 0.2 0.0203125 0.05625