5 0.67890625 0.7625 0.1484375 0.26875
5 0.52890625 0.48515625 0.0890625 0.165625
5 0.35546875 0.40625 0.06875 0.1234375
5 0.4234375 0.2984375 0.0546875 0.096875
5 0.93828125 0.6703125 0.1234375 0.209375
5 0.86796875 0.584375 0.1203125 0.184375
5 0.8015625 0.5171875 0.1046875 0.1671875
5 0.74375 0.465625 0.084375 0.15
5 0.7015625 0.4203125 0.0890625 0.15
5 0.6578125 0.3921875 0.08125 0.1265625
5 0.29921875 0.20859375 0.0359375 0.075
5 0.36640625 0.1890625 0.0359375 0.0640625
5 0.33359375 0.140625 0.0296875 0.05625
5 0.290625 0.15703125 0.0296875 0.05625
5 0.22734375 0.17578125 0.034375 0.059375
3 0.33828125 0.10078125 0.0265625 0.0625
3 0.2546875 0.596875 0.15 0.4328125
4 0.1390625 0.68984375 0.034375 0.1578125
4 0.365625 0.47578125 0.0375 0.128125
4 0.22265625 0.3515625 0.03125 0.06875
4 0.16640625 0.4796875 0.0265625 0.08125