3 0.27109375 0.71015625 0.153125 0.5390625
5 0.61015625 0.625 0.115625 0.2015625
5 0.5046875 0.4375 0.078125 0.140625
5 0.94140625 0.6890625 0.1171875 0.2125
5 0.87578125 0.603125 0.11875 0.2
5 0.8109375 0.53203125 0.103125 0.1640625
5 0.75546875 0.484375 0.0890625 0.1546875
5 0.71171875 0.4328125 0.0859375 0.13125
5 0.66953125 0.40703125 0.0875 0.1265625
5 0.4171875 0.27734375 0.046875 0.0859375
5 0.3703125 0.4734375 0.071875 0.1171875
5 0.3078125 0.23359375 0.0453125 0.078125
5 0.23359375 0.18203125 0.03125 0.065625
5 0.30078125 0.1703125 0.0328125 0.0609375
5 0.36640625 0.18984375 0.03125 0.0625
5 0.33828125 0.1390625 0.025 0.05625
5 0.23359375 0.1796875 0.03125 0.0671875
4 0.1453125 0.69609375 0.0390625 0.1609375
4 0.2265625 0.4046875 0.03125 0.0953125
4 0.37421875 0.5375 0.0421875 0.1375