4 0.20546875 0.6203125 0.0390625 0.15625
4 0.215625 0.49375 0.0484375 0.1546875
4 0.2328125 0.409375 0.0328125 0.0796875
5 0.5375 0.86171875 0.1609375 0.2765625
5 0.3921875 0.32265625 0.0640625 0.1234375
5 0.50390625 0.26953125 0.05625 0.1125
5 0.49453125 0.2453125 0.053125 0.09375
5 0.46796875 0.21875 0.040625 0.09375
5 0.37421875 0.18359375 0.04375 0.071875
5 0.35703125 0.11484375 0.03125 0.0515625
5 0.29765625 0.11484375 0.03125 0.0515625
5 0.42734375 0.125 0.03125 0.0625
5 0.971875 0.6515625 0.05625 0.1875
5 0.93515625 0.5703125 0.128125 0.190625
5 0.87265625 0.49453125 0.1109375 0.165625
5 0.85703125 0.4796875 0.1203125 0.1421875
5 0.81171875 0.43671875 0.096875 0.1328125
5 0.77421875 0.39140625 0.0828125 0.134375
5 0.69296875 0.3359375 0.0875 0.11875
2 0.3484375 0.06328125 0.025 0.05