5 0.42421875 0.584375 0.1078125 0.2125
5 0.59921875 0.5421875 0.1046875 0.184375
5 0.37265625 0.30234375 0.0546875 0.0984375
5 0.62265625 0.353125 0.0828125 0.1109375
5 0.75546875 0.42265625 0.084375 0.1265625
5 0.96328125 0.68828125 0.0734375 0.215625
5 0.9234375 0.6046875 0.1171875 0.184375
5 0.86015625 0.54140625 0.1109375 0.1796875
5 0.78671875 0.471875 0.0828125 0.1453125
5 0.353125 0.1953125 0.0453125 0.0734375
5 0.278125 0.15625 0.034375 0.0515625
5 0.4515625 0.24296875 0.04375 0.0828125
5 0.4265625 0.2046875 0.040625 0.0671875
4 0.1859375 0.6625 0.0484375 0.153125
4 0.1890625 0.54453125 0.040625 0.1390625
4 0.75859375 0.61484375 0.0578125 0.1765625
2 0.33046875 0.13203125 0.040625 0.0671875