4 0.16953125 0.67734375 0.0359375 0.1515625
5 0.3953125 0.4625 0.078125 0.15625
4 0.17578125 0.56953125 0.0359375 0.1296875
5 0.95390625 0.703125 0.0921875 0.2234375
5 0.8984375 0.6046875 0.1296875 0.1984375
5 0.83671875 0.5390625 0.1078125 0.16875
5 0.78359375 0.48984375 0.09375 0.1515625
5 0.68046875 0.40703125 0.090625 0.121875
4 0.515625 0.37578125 0.0328125 0.1015625
5 0.55390625 0.3375 0.0703125 0.0984375
5 0.35390625 0.27578125 0.046875 0.0875
5 0.4609375 0.32578125 0.05625 0.0984375
2 0.31875 0.184375 0.0390625 0.071875
5 0.41484375 0.2140625 0.0390625 0.0671875
5 0.39375 0.18203125 0.03125 0.05625