5 0.41953125 0.55703125 0.0921875 0.1875
4 0.1734375 0.6828125 0.0359375 0.1484375
5 0.95625 0.7046875 0.0875 0.2234375
5 0.903125 0.6125 0.1296875 0.190625
5 0.840625 0.54140625 0.1078125 0.1671875
5 0.7859375 0.49296875 0.090625 0.1515625
5 0.64453125 0.3921875 0.084375 0.1109375
5 0.54296875 0.33046875 0.0671875 0.096875
5 0.47578125 0.33203125 0.028125 0.0890625
5 0.44453125 0.2859375 0.046875 0.0890625
4 0.36484375 0.309375 0.0515625 0.0953125
4 0.18203125 0.5625 0.0421875 0.115625
5 0.409375 0.2078125 0.0390625 0.0640625
2 0.32578125 0.20390625 0.04375 0.075