5 0.45546875 0.71015625 0.11875 0.2625
5 0.959375 0.7109375 0.08125 0.215625
5 0.91015625 0.61796875 0.125 0.1953125
5 0.83984375 0.54296875 0.1140625 0.1609375
5 0.7859375 0.49609375 0.084375 0.14375
5 0.61015625 0.3796875 0.078125 0.1140625
5 0.5296875 0.3234375 0.0640625 0.096875
5 0.37265625 0.35625 0.05625 0.1140625
5 0.43515625 0.265625 0.0421875 0.0875
5 0.40546875 0.2 0.034375 0.06875
5 0.39296875 0.178125 0.028125 0.0609375
2 0.33125 0.2265625 0.05 0.084375
5 0.26953125 0.18359375 0.034375 0.0625
4 0.1765625 0.6859375 0.0359375 0.15
4 0.18359375 0.57109375 0.040625 0.1265625
4 0.4546875 0.30078125 0.0265625 0.08125