5 0.8875 0.88828125 0.1890625 0.2234375
5 0.50859375 0.87109375 0.1640625 0.2578125
5 0.38203125 0.40625 0.06875 0.1390625
5 0.57578125 0.3546875 0.071875 0.1078125
5 0.95703125 0.70390625 0.0859375 0.2078125
5 0.9109375 0.6109375 0.125 0.1890625
5 0.8421875 0.53984375 0.115625 0.1828125
5 0.79140625 0.48515625 0.1015625 0.15625
5 0.51328125 0.30546875 0.0609375 0.09375
5 0.4203125 0.234375 0.0421875 0.078125
5 0.3984375 0.18359375 0.0296875 0.059375
4 0.33046875 0.16953125 0.021875 0.05625
5 0.26875 0.1765625 0.0390625 0.053125
2 0.3375 0.2421875 0.0484375 0.0953125
4 0.1765625 0.68046875 0.0375 0.1546875
4 0.18515625 0.55859375 0.034375 0.1234375
2 0.325 0.12109375 0.028125 0.0671875