5 0.4 0.434375 0.134375 0.2546875
5 0.6078125 0.51015625 0.2140625 0.2859375
5 0.8734375 0.82578125 0.253125 0.325
4 0.15390625 0.56484375 0.1125 0.228125
4 0.1625 0.48046875 0.1 0.128125
2 0.18515625 0.2875 0.1 0.15625
5 0.2828125 0.20390625 0.0453125 0.0765625
2 0.35703125 0.16015625 0.0703125 0.071875
2 0.5390625 0.28515625 0.2125 0.240625
2 0.6921875 0.12421875 0.0625 0.0578125
5 0.80703125 0.21484375 0.059375 0.1078125
2 0.82578125 0.1140625 0.0421875 0.05
3 0.6 0.1296875 0.121875 0.1390625