5 0.4109375 0.525 0.0921875 0.175
4 0.17890625 0.684375 0.0359375 0.1484375
5 0.96015625 0.7046875 0.0796875 0.2234375
5 0.90546875 0.6125 0.1265625 0.190625
5 0.8421875 0.54296875 0.1046875 0.1640625
5 0.7859375 0.49296875 0.090625 0.1515625
5 0.671875 0.60703125 0.11875 0.175
5 0.53359375 0.33046875 0.0625 0.096875
5 0.48515625 0.28828125 0.05 0.084375
4 0.43359375 0.2359375 0.0171875 0.065625
4 0.18515625 0.56796875 0.0421875 0.115625
5 0.4078125 0.209375 0.0328125 0.0640625
2 0.3453125 0.290625 0.0609375 0.1171875
4 0.3328125 0.19609375 0.0140625 0.053125
2 0.32734375 0.1421875 0.0296875 0.0625
5 0.390625 0.17421875 0.0265625 0.0515625