5 0.42890625 0.62734375 0.1015625 0.215625
5 0.6 0.53203125 0.096875 0.171875
5 0.95703125 0.70859375 0.0859375 0.221875
5 0.90703125 0.61484375 0.1234375 0.203125
5 0.84140625 0.53828125 0.10625 0.1671875
5 0.79296875 0.49375 0.1140625 0.1640625
5 0.5109375 0.31796875 0.0578125 0.0984375
5 0.4703125 0.27734375 0.0453125 0.0921875
2 0.34765625 0.32421875 0.06875 0.1328125
2 0.32421875 0.15 0.03125 0.075
4 0.175 0.690625 0.0359375 0.14375
4 0.18203125 0.5765625 0.0375 0.11875
4 0.42265625 0.22109375 0.0171875 0.0640625
4 0.33046875 0.2109375 0.0140625 0.0609375
5 0.4 0.203125 0.0390625 0.0640625
5 0.3828125 0.1671875 0.028125 0.05625