5 0.45 0.71484375 0.1203125 0.24375
4 0.1703125 0.69296875 0.0390625 0.1484375
5 0.95390625 0.70703125 0.0921875 0.21875
5 0.903125 0.6109375 0.121875 0.1921875
5 0.8375 0.54140625 0.109375 0.1671875
5 0.7828125 0.49296875 0.090625 0.1515625
5 0.56875 0.47890625 0.0875 0.14375
5 0.49375 0.30390625 0.059375 0.0921875
4 0.41796875 0.21328125 0.0171875 0.05625
4 0.18046875 0.56796875 0.0328125 0.115625
5 0.46015625 0.26953125 0.0421875 0.08125
2 0.34765625 0.3453125 0.06875 0.140625
4 0.32890625 0.21796875 0.0140625 0.0578125
2 0.32265625 0.15625 0.03125 0.06875
5 0.39140625 0.19296875 0.034375 0.0609375