5 0.51484375 0.896875 0.1703125 0.20625
4 0.1734375 0.6875 0.0375 0.1484375
5 0.95390625 0.70703125 0.0921875 0.21875
5 0.903125 0.6109375 0.121875 0.1921875
5 0.8375 0.54140625 0.109375 0.1671875
5 0.7828125 0.49296875 0.090625 0.1515625
5 0.5328125 0.4171875 0.075 0.11875
5 0.4796875 0.2875 0.0515625 0.0828125
4 0.4125 0.19609375 0.0140625 0.05625
4 0.18046875 0.56796875 0.0328125 0.115625
5 0.45390625 0.2515625 0.0421875 0.0703125
2 0.36171875 0.39453125 0.078125 0.1625
4 0.33671875 0.23359375 0.015625 0.0640625
2 0.32890625 0.1671875 0.034375 0.071875
5 0.38828125 0.1796875 0.034375 0.05625