2 0.44375 0.809375 0.1765625 0.38125
5 0.953125 0.7109375 0.09375 0.2203125
5 0.89921875 0.62265625 0.1234375 0.1921875
5 0.8296875 0.55 0.1125 0.16875
5 0.7703125 0.48984375 0.1 0.159375
5 0.4546875 0.31328125 0.0546875 0.1015625
5 0.4234375 0.23671875 0.040625 0.0734375
2 0.3375 0.23359375 0.046875 0.1
4 0.3453125 0.353125 0.021875 0.0953125
2 0.321875 0.16484375 0.0296875 0.0765625
5 0.25859375 0.1828125 0.0328125 0.0640625
4 0.165625 0.696875 0.0390625 0.15
4 0.1765625 0.57578125 0.040625 0.1265625