2 0.32421875 0.05390625 0.028125 0.025
2 0.11328125 0.72265625 0.1546875 0.221875
2 0.409375 0.70234375 0.14375 0.2421875
2 0.63671875 0.75546875 0.1625 0.234375
2 0.86796875 0.59296875 0.1484375 0.1859375
2 0.62109375 0.46640625 0.115625 0.1359375
2 0.16484375 0.45390625 0.10625 0.134375
2 0.24296875 0.246875 0.065625 0.0828125
2 0.3875 0.21796875 0.059375 0.071875
2 0.59609375 0.196875 0.0578125 0.0640625
2 0.3546875 0.12421875 0.040625 0.059375
2 0.44921875 0.1640625 0.0484375 0.059375
2 0.5328125 0.109375 0.0390625 0.05
2 0.44765625 0.1125 0.0375 0.0421875
4 0.48515625 0.23515625 0.03125 0.0734375
2 0.44453125 0.07109375 0.0421875 0.071875
2 0.378125 0.08203125 0.0359375 0.0421875