2 0.12265625 0.8 0.2453125 0.38125
2 0.4296875 0.78828125 0.209375 0.3125
2 0.70078125 0.82734375 0.228125 0.2921875
2 0.92890625 0.8421875 0.1421875 0.2953125
2 0.6 0.63515625 0.2078125 0.24375
2 0.209375 0.5234375 0.140625 0.25625
2 0.390625 0.43359375 0.146875 0.2359375
2 0.66640625 0.36875 0.1640625 0.1921875
2 0.50859375 0.25390625 0.15 0.20625
2 0.359375 0.2390625 0.1203125 0.153125
2 0.17109375 0.271875 0.140625 0.1734375
2 0.14375 0.1234375 0.1078125 0.1515625
2 0.33828125 0.13359375 0.109375 0.1453125
2 0.41328125 0.06171875 0.0875 0.1234375
2 0.4734375 0.0828125 0.10625 0.1375
2 0.5421875 0.153125 0.0984375 0.14375
2 0.2796875 0.05390625 0.0796875 0.1078125
2 0.0875 0.05234375 0.0953125 0.1046875