2 0.36796875 0.175 0.0578125 0.0546875
2 0.65625 0.153125 0.0546875 0.059375
2 0.853125 0.61640625 0.1359375 0.140625
2 0.55625 0.55078125 0.1109375 0.1203125
2 0.125 0.5265625 0.1171875 0.1375
2 0.31796875 0.8328125 0.1765625 0.134375
2 0.6515625 0.046875 0.0359375 0.034375
2 0.03359375 0.09375 0.0609375 0.071875
2 0.1046875 0.1109375 0.0515625 0.053125
2 0.03203125 0.1671875 0.0578125 0.0625
2 0.0984375 0.0328125 0.040625 0.0390625
2 0.115625 0.0625 0.04375 0.0453125
2 0.22265625 0.040625 0.0359375 0.0421875
2 0.55 0.01640625 0.028125 0.0296875
2 0.48984375 0.01328125 0.0296875 0.0265625
2 0.14375 0.01796875 0.025 0.0359375
2 0.24609375 0.01484375 0.0375 0.0296875