3 0.4140625 0.278125 0.1125 0.14375
3 0.74453125 0.53828125 0.2671875 0.315625
3 0.6359375 0.759375 0.303125 0.48125
3 0.2796875 0.19375 0.06875 0.096875
2 0.37109375 0.9109375 0.1796875 0.178125
2 0.4234375 0.19296875 0.0625 0.059375
2 0.56953125 0.31875 0.10625 0.1015625
2 0.496875 0.17890625 0.0703125 0.0546875
2 0.365625 0.13046875 0.0484375 0.0578125
2 0.28984375 0.12109375 0.04375 0.0421875
2 0.23671875 0.1125 0.0375 0.040625
4 0.73046875 0.1875 0.0390625 0.053125
4 0.68828125 0.27890625 0.0453125 0.0796875
4 0.74921875 0.3375 0.05 0.090625
4 0.578125 0.2125 0.028125 0.0671875
4 0.54375 0.23359375 0.03125 0.0671875
4 0.19296875 0.41328125 0.0296875 0.1
4 0.16015625 0.496875 0.040625 0.09375
4 0.1546875 0.425 0.0484375 0.071875
4 0.13671875 0.38671875 0.040625 0.0734375