2 0.04453125 0.709375 0.0859375 0.240625
2 0.04375 0.9140625 0.0875 0.171875
4 0.37265625 0.84375 0.059375 0.2296875
2 0.4078125 0.353125 0.0828125 0.11875
2 0.50546875 0.1625 0.0640625 0.0953125
2 0.58828125 0.128125 0.0515625 0.06875
2 0.5875 0.06328125 0.04375 0.0625
2 0.7546875 0.771875 0.1359375 0.334375
2 0.7734375 0.4546875 0.0921875 0.2078125
2 0.9203125 0.425 0.0875 0.128125
2 0.93046875 0.58359375 0.1265625 0.203125
4 0.95546875 0.825 0.0890625 0.271875
4 0.5546875 0.4265625 0.0390625 0.1390625
4 0.61953125 0.234375 0.0296875 0.0953125