5 0.63515625 0.45234375 0.065625 0.215625
4 0.17890625 0.48359375 0.06875 0.13125
2 0.66328125 0.11171875 0.06953125 0.1390625
2 0.4890625 0.1359375 0.0609375 0.1234375
2 0.49765625 0.05546875 0.04765625 0.09140625
3 0.38046875 0.1125 0.08671875 0.19140625
4 0.54375 0.61875 0.046875 0.19140625
4 0.73984375 0.74609375 0.065625 0.22421875
5 0.27734375 0.8765625 0.1609375 0.24609375
5 0.60390625 0.05390625 0.05 0.09140625
2 0.4328125 0.59140625 0.1421875 0.40390625
2 0.47734375 0.3046875 0.090625 0.225
2 0.57109375 0.2734375 0.071875 0.184375
2 0.58359375 0.13984375 0.053125 0.1171875
5 0.64609375 0.6671875 0.11171875 0.259375
5 0.5890625 0.840625 0.14375 0.31015625
4 0.3265625 0.63046875 0.06171875 0.2328125