3 0.65234375 0.6453125 0.125 0.371875
2 0.365625 0.428125 0.09140625 0.1796875
6 0.55 0.34375 0.10390625 0.2609375
2 0.40078125 0.27890625 0.0515625 0.0734375
4 0.45390625 0.275 0.01484375 0.06875
2 0.48046875 0.21953125 0.03203125 0.059375
4 0.60390625 0.27578125 0.0140625 0.06171875
3 0.55625 0.1515625 0.0234375 0.0453125
4 0.50390625 0.17109375 0.02421875 0.0359375
4 0.571875 0.21953125 0.01015625 0.04375
4 0.45546875 0.27734375 0.015625 0.0734375
4 0.60390625 0.27578125 0.01484375 0.06484375
4 0.57109375 0.21953125 0.01328125 0.04453125
2 0.5046875 0.171875 0.02578125 0.03671875
2 0.48125 0.2203125 0.03359375 0.05546875
2 0.40078125 0.28046875 0.0515625 0.07890625
2 0.365625 0.43203125 0.0921875 0.18984375
3 0.55625 0.15546875 0.0265625 0.0453125
3 0.65234375 0.65078125 0.125 0.38125
6 0.546875 0.3453125 0.09140625 0.26796875