3 0.66953125 0.35546875 0.09140625 0.18046875
7 0.40859375 0.7671875 0.16328125 0.465625
7 0.47578125 0.16484375 0.02890625 0.05703125
6 0.50625 0.29609375 0.05625 0.1734375
6 0.640625 0.228125 0.05546875 0.12421875
6 0.57109375 0.16328125 0.05390625 0.15625
2 0.12109375 0.834375 0.2421875 0.33046875
4 0.3453125 0.471875 0.05390625 0.128125
4 0.38046875 0.3546875 0.0328125 0.10234375
4 0.4296875 0.2765625 0.0265625 0.0703125
4 0.521875 0.565625 0.04609375 0.14453125
5 0.49765625 0.47109375 0.0515625 0.11796875
5 0.56640625 0.45234375 0.06640625 0.13046875
5 0.5859375 0.6078125 0.084375 0.140625
5 0.56484375 0.8203125 0.10703125 0.2828125