6 0.578125 0.3515625 0.10390625 0.29921875
6 0.28125 0.653125 0.43515625 0.69375
3 0.71015625 0.465625 0.13359375 0.3015625
2 0.63515625 0.25234375 0.0546875 0.0921875
2 0.45625 0.24140625 0.04375 0.0796875
4 0.4296875 0.2 0.015625 0.065625
2 0.475 0.134375 0.02890625 0.05234375
2 0.425 0.1640625 0.03671875 0.06484375
5 0.440625 0.11328125 0.02734375 0.053125
5 0.45859375 0.06640625 0.01953125 0.04375
2 0.48359375 0.046875 0.01875 0.03984375
5 0.6046875 0.17734375 0.034375 0.05546875
6 0.53671875 0.159375 0.05234375 0.140625
2 0.55625 0.0421875 0.01875 0.03828125