2 0.475 0.44375 0.05546875 0.12578125
2 0.40546875 0.34296875 0.04375 0.0859375
4 0.77734375 0.7671875 0.07421875 0.20078125
4 0.37734375 0.75859375 0.0453125 0.20703125
4 0.68203125 0.53125 0.0390625 0.1265625
4 0.465625 0.21171875 0.00859375 0.0328125
4 0.39921875 0.184375 0.00703125 0.0265625
4 0.4640625 0.1875 0.00703125 0.028125
4 0.46328125 0.16875 0.0046875 0.02265625
5 0.440625 0.16171875 0.01171875 0.02578125
2 0.42109375 0.18671875 0.01953125 0.03671875
2 0.4296875 0.14375 0.01328125 0.01953125
6 0.39921875 0.13125 0.0109375 0.0265625