0 0.353125 0.23203125 0.0203125 0.0890625
0 0.34765625 0.31328125 0.0203125 0.10703125
0 0.26875 0.421875 0.03515625 0.15078125
5 0.6890625 0.4890625 0.09921875 0.16875
5 0.66640625 0.33671875 0.06953125 0.12421875
4 0.52734375 0.3828125 0.0234375 0.11796875
4 0.5421875 0.28046875 0.021875 0.096875
4 0.496875 0.24921875 0.02109375 0.0890625
4 0.46796875 0.1828125 0.0171875 0.06875
5 0.53125 0.1828125 0.04921875 0.07890625
2 0.64375 0.2015625 0.0609375 0.103125
3 0.56171875 0.1 0.03515625 0.10078125