2 0.55859375 0.63984375 0.125 0.340625
4 0.64609375 0.5828125 0.05390625 0.19140625
4 0.63671875 0.2921875 0.02578125 0.0953125
4 0.52265625 0.34921875 0.02734375 0.1
2 0.46796875 0.35859375 0.05859375 0.14375
5 0.42734375 0.2921875 0.04609375 0.10625
2 0.340625 0.415625 0.08515625 0.16953125
7 0.459375 0.21015625 0.04296875 0.10390625
3 0.52734375 0.13046875 0.04609375 0.0859375
3 0.45703125 0.0828125 0.03515625 0.05859375
3 0.4484375 0.1234375 0.03671875 0.08046875
4 0.56640625 0.18359375 0.021875 0.05703125
5 0.52421875 0.21171875 0.04296875 0.08203125
5 0.3921875 0.07265625 0.01953125 0.04140625