5 0.3640625 0.04140625 0.0375 0.08125
5 0.45703125 0.065625 0.040625 0.0703125
5 0.76171875 0.56640625 0.13046875 0.21796875
5 0.38515625 0.909375 0.15390625 0.18125
5 0.35 0.33359375 0.0875 0.16953125
5 0.55859375 0.22421875 0.05859375 0.14296875
7 0.5890625 0.146875 0.07578125 0.13828125
3 0.51796875 0.384375 0.08828125 0.29921875
4 0.5328125 0.09453125 0.0265625 0.07578125
4 0.48203125 0.10625 0.01953125 0.08515625
4 0.37890625 0.0765625 0.02890625 0.08125
4 0.43125 0.278125 0.0359375 0.1109375