2 0.553125 0.29765625 0.04765625 0.10078125
6 0.64375 0.3015625 0.09765625 0.23046875
7 0.58203125 0.215625 0.03515625 0.08359375
4 0.5671875 0.24375 0.01171875 0.0609375
4 0.58046875 0.2609375 0.0140625 0.059375
4 0.53125 0.18046875 0.01328125 0.04140625
4 0.52734375 0.14140625 0.0078125 0.03125
3 0.56953125 0.159375 0.0234375 0.05234375
2 0.5484375 0.14296875 0.02265625 0.040625
7 0.5328125 0.1203125 0.02109375 0.04140625
6 0.5484375 0.0890625 0.01796875 0.04609375
5 0.49140625 0.14921875 0.01875 0.0390625
4 0.44609375 0.18125 0.0109375 0.03828125
3 0.421875 0.25 0.05546875 0.10703125
2 0.49296875 0.28671875 0.04609375 0.10625
2 0.54375 0.41484375 0.05859375 0.1296875
2 0.5875 0.68125 0.1015625 0.3109375
2 0.81015625 0.67890625 0.20234375 0.35
2 0.440625 0.759375 0.109375 0.321875
2 0.31796875 0.47578125 0.10390625 0.17734375