6 0.2984375 0.74453125 0.3453125 0.51015625
3 0.54296875 0.10078125 0.0484375 0.10703125
3 0.55390625 0.04609375 0.034375 0.08125
3 0.62578125 0.71484375 0.1984375 0.5703125
2 0.7546875 0.54375 0.175 0.27578125
2 0.334375 0.4203125 0.1265625 0.1984375
5 0.4078125 0.19609375 0.05 0.0984375
5 0.55625 0.178125 0.04453125 0.08515625
5 0.4765625 0.10859375 0.03515625 0.06171875
4 0.4546875 0.1640625 0.021875 0.06875
4 0.49140625 0.153125 0.01875 0.06484375
4 0.5015625 0.08671875 0.009375 0.0609375
4 0.46953125 0.059375 0.0125 0.0390625
2 0.49375 0.0375 0.02734375 0.05078125