0 0.46171875 0.41484375 0.021875 0.1140625
1 0.81640625 0.62265625 0.36171875 0.7546875
4 0.61015625 0.4515625 0.0359375 0.14921875
5 0.41953125 0.61640625 0.1015625 0.2078125
4 0.28984375 0.77265625 0.05703125 0.20078125
3 0.55 0.5421875 0.11484375 0.36640625
4 0.33828125 0.29765625 0.040625 0.09921875
2 0.3359375 0.2609375 0.0640625 0.09609375
4 0.4015625 0.22109375 0.01953125 0.07890625
5 0.384375 0.1375 0.0375 0.06328125
2 0.5453125 0.3390625 0.06875 0.12109375
2 0.61640625 0.26171875 0.0640625 0.1328125
6 0.51640625 0.196875 0.0671875 0.20234375
5 0.4421875 0.18046875 0.0421875 0.0796875
2 0.440625 0.13984375 0.03828125 0.0625
2 0.44453125 0.0953125 0.0296875 0.0515625
2 0.44921875 0.053125 0.0265625 0.0453125
5 0.54921875 0.09296875 0.02421875 0.053125
5 0.528125 0.0765625 0.025 0.0453125
5 0.40390625 0.06015625 0.02578125 0.04375
5 0.4265625 0.0203125 0.01875 0.0375
4 0.50234375 0.0234375 0.01171875 0.03359375