3 0.21328125 0.6140625 0.18125 0.38828125
3 0.39921875 0.17890625 0.03671875 0.078125
7 0.52109375 0.4734375 0.0828125 0.253125
7 0.49375 0.08828125 0.01640625 0.03359375
6 0.478125 0.21875 0.04296875 0.12890625
6 0.39921875 0.13046875 0.028125 0.06796875
6 0.43359375 0.10078125 0.03359375 0.096875
5 0.646875 0.56015625 0.08359375 0.184375
5 0.575 0.80703125 0.10390625 0.2984375
5 0.4265625 0.81015625 0.11484375 0.30390625
5 0.6671875 0.42265625 0.06875 0.1453125
4 0.5953125 0.33125 0.02890625 0.0828125
4 0.5375 0.3453125 0.03046875 0.0828125
4 0.43828125 0.26171875 0.02421875 0.059375
5 0.4203125 0.55546875 0.0765625 0.18671875
5 0.3578125 0.21640625 0.0328125 0.06328125
5 0.43203125 0.2171875 0.02890625 0.06328125
2 0.5234375 0.23046875 0.03984375 0.06640625