5 0.36484375 0.45234375 0.065625 0.215625
4 0.82109375 0.48359375 0.06875 0.13125
2 0.33671875 0.11171875 0.06953125 0.1390625
2 0.5109375 0.1359375 0.0609375 0.1234375
2 0.50234375 0.05546875 0.04765625 0.09140625
3 0.61953125 0.1125 0.08671875 0.19140625
4 0.45625 0.61875 0.046875 0.19140625
4 0.26015625 0.74609375 0.065625 0.22421875
5 0.72265625 0.8765625 0.1609375 0.24609375
5 0.39609375 0.05390625 0.05 0.09140625
2 0.5671875 0.59140625 0.1421875 0.40390625
2 0.52265625 0.3046875 0.090625 0.225
2 0.42890625 0.2734375 0.071875 0.184375
2 0.41640625 0.13984375 0.053125 0.1171875
5 0.35390625 0.6671875 0.11171875 0.259375
5 0.4109375 0.840625 0.14375 0.31015625
4 0.6734375 0.63046875 0.06171875 0.2328125