1 0.55625 0.19140625 0.05859375 0.16875
1 0.49609375 0.1765625 0.05703125 0.1515625
1 0.54296875 0.0765625 0.0296875 0.06640625
0 0.3828125 0.26796875 0.01875 0.0703125
3 0.42421875 0.2625 0.05703125 0.1359375
4 0.54375 0.3515625 0.02265625 0.078125
4 0.6875 0.41328125 0.04453125 0.10078125
2 0.59296875 0.13203125 0.021875 0.0375
2 0.46796875 0.14140625 0.0234375 0.06171875
3 0.48203125 0.09921875 0.021875 0.040625
2 0.5078125 0.09765625 0.01875 0.03046875
4 0.4546875 0.21640625 0.015625 0.05703125
5 0.68046875 0.3515625 0.05703125 0.09765625