7 0.80546875 0.47421875 0.19609375 0.33984375
4 0.9125 0.52421875 0.0640625 0.1953125
6 0.1796875 0.4671875 0.359375 0.7296875
4 0.35859375 0.5984375 0.0578125 0.2234375
2 0.58671875 0.70859375 0.1421875 0.453125
7 0.5703125 0.32734375 0.09453125 0.253125
4 0.68359375 0.7234375 0.0734375 0.246875
4 0.48515625 0.21015625 0.02421875 0.10234375
4 0.4859375 0.109375 0.01875 0.0796875
4 0.4359375 0.14921875 0.0203125 0.0875
2 0.53828125 0.1734375 0.06015625 0.146875
4 0.69296875 0.23515625 0.03515625 0.10859375
4 0.64609375 0.19609375 0.03671875 0.09375
2 0.525 0.10078125 0.04296875 0.0890625