0 0.31328125 0.384375 0.0390625 0.128125
5 0.465625 0.59140625 0.0984375 0.1921875
5 0.58046875 0.70859375 0.10546875 0.25859375
5 0.58203125 0.51875 0.08125 0.15234375
5 0.5578125 0.40859375 0.06015625 0.1328125
5 0.4875 0.45625 0.065625 0.12890625
5 0.409375 0.42109375 0.06171875 0.1421875
4 0.4703125 0.378125 0.0296875 0.07578125
5 0.4546875 0.15703125 0.03515625 0.06328125
5 0.43125 0.2140625 0.034375 0.07890625
4 0.0484375 0.76953125 0.096875 0.21328125
4 0.340625 0.7578125 0.07734375 0.2046875
4 0.7640625 0.66171875 0.07109375 0.1953125
4 0.70078125 0.43515625 0.053125 0.15625
4 0.45546875 0.0546875 0.01171875 0.0296875
4 0.434375 0.0796875 0.01171875 0.03828125
4 0.4265625 0.128125 0.01484375 0.0453125
4 0.403125 0.15859375 0.01484375 0.0546875
5 0.50703125 0.08671875 0.025 0.05
2 0.4671875 0.22265625 0.03984375 0.10703125
6 0.47890625 0.0390625 0.02734375 0.0484375
6 0.5515625 0.06640625 0.05078125 0.06875
2 0.5734375 0.128125 0.0328125 0.059375
2 0.5375 0.1234375 0.0296875 0.065625
3 0.62421875 0.37265625 0.11640625 0.2390625