0 0.34921875 0.53828125 0.0390625 0.1609375
6 0.57890625 0.4859375 0.12265625 0.42265625
0 0.865625 0.82109375 0.07109375 0.1921875
4 0.80234375 0.8625 0.05859375 0.246875
2 0.7015625 0.48828125 0.11171875 0.21953125
5 0.4484375 0.7078125 0.0953125 0.24375
4 0.2359375 0.57578125 0.05234375 0.12734375
5 0.390625 0.396875 0.06875 0.11875
7 0.4125 0.21796875 0.06328125 0.1625
5 0.4703125 0.3046875 0.04609375 0.103125
4 0.484375 0.4046875 0.0296875 0.09765625
4 0.31171875 0.41171875 0.0375 0.103125
5 0.1046875 0.8890625 0.20859375 0.22109375