1 0.196875 0.63515625 0.39375 0.7296875
2 0.43984375 0.6 0.13359375 0.30703125
6 0.509375 0.16171875 0.059375 0.14921875
2 0.6265625 0.6234375 0.1015625 0.2359375
2 0.49609375 0.38203125 0.06953125 0.203125
5 0.615625 0.3515625 0.0578125 0.12421875
2 0.5953125 0.20703125 0.04140625 0.0796875
2 0.45703125 0.2734375 0.0640625 0.12890625
4 0.40546875 0.41796875 0.03046875 0.13203125
2 0.5671875 0.11640625 0.02734375 0.05078125
2 0.6125 0.08671875 0.028125 0.06484375
4 0.6203125 0.11171875 0.01328125 0.046875
2 0.4421875 0.22578125 0.0515625 0.084375
4 0.4 0.26171875 0.02890625 0.090625
5 0.57578125 0.08828125 0.02421875 0.04609375
5 0.453125 0.1734375 0.03671875 0.065625
2 0.4578125 0.14453125 0.04296875 0.06484375