0 0.2625 0.49375 0.04453125 0.1234375
1 0.56953125 0.5421875 0.22109375 0.69375
2 0.81875 0.83671875 0.24765625 0.3265625
5 0.59296875 0.31640625 0.05390625 0.11953125
5 0.5375 0.1765625 0.03671875 0.07265625
5 0.546875 0.11640625 0.0296875 0.0390625
4 0.52109375 0.12421875 0.0125 0.040625
6 0.465625 0.04765625 0.03046875 0.09140625
3 0.4921875 0.04140625 0.01484375 0.04140625
3 0.37734375 0.146875 0.0296875 0.05078125
4 0.43203125 0.11015625 0.01484375 0.0453125
4 0.396875 0.16328125 0.01171875 0.053125
7 0.4265625 0.065625 0.02109375 0.04375