1 0.76328125 0.61640625 0.4734375 0.7671875
7 0.440625 0.46796875 0.08671875 0.24296875
2 0.22734375 0.6453125 0.17578125 0.2875
2 0.54140625 0.1953125 0.04296875 0.07578125
3 0.465625 0.20390625 0.0484375 0.13359375
5 0.40625 0.15625 0.03828125 0.0703125
4 0.44140625 0.0859375 0.01015625 0.04609375
2 0.47578125 0.078125 0.02890625 0.04453125
2 0.51875 0.1234375 0.02734375 0.05703125
2 0.5546875 0.04765625 0.02578125 0.05
2 0.490625 0.03515625 0.021875 0.040625
5 0.4484375 0.0265625 0.01640625 0.03515625
7 0.471875 0.01875 0.01875 0.0359375