5 0.7375 0.509375 0.09609375 0.20859375
5 0.65390625 0.29296875 0.05859375 0.11953125
5 0.571875 0.209375 0.0515625 0.1
3 0.16484375 0.834375 0.32890625 0.33046875
7 0.34609375 0.37578125 0.12109375 0.21640625
5 0.36953125 0.24296875 0.05390625 0.0890625
4 0.48984375 0.29140625 0.02578125 0.0890625
4 0.5078125 0.478125 0.03046875 0.12890625
4 0.6015625 0.15390625 0.01484375 0.05703125
2 0.559375 0.15078125 0.04375 0.06328125
2 0.42578125 0.1640625 0.04375 0.08046875
6 0.4859375 0.1265625 0.05390625 0.165625