6 0.22734375 0.40859375 0.30703125 0.57890625
6 0.4109375 0.065625 0.084375 0.12890625
5 0.56328125 0.20546875 0.06484375 0.13359375
4 0.40546875 0.5078125 0.04296875 0.15859375
4 0.42421875 0.40703125 0.03984375 0.11953125
4 0.41875 0.30078125 0.04375 0.09609375
2 0.4828125 0.1875 0.0625 0.1375
2 0.5171875 0.39296875 0.1046875 0.30390625
2 0.39375 0.79296875 0.165625 0.4140625
5 0.63984375 0.72890625 0.12109375 0.2765625
5 0.8953125 0.70390625 0.17890625 0.3046875
4 0.5328125 0.88515625 0.06875 0.2296875
5 0.6671875 0.07578125 0.05703125 0.1171875