6 0.77265625 0.51328125 0.2484375 0.41875
2 0.60234375 0.553125 0.13828125 0.375
3 0.375 0.20546875 0.07578125 0.17109375
5 0.45859375 0.30390625 0.06171875 0.128125
2 0.5453125 0.33046875 0.07265625 0.15703125
2 0.5203125 0.19375 0.05078125 0.12109375
4 0.653125 0.20390625 0.0234375 0.09296875
4 0.68828125 0.2625 0.02578125 0.103125
5 0.4765625 0.0484375 0.0296875 0.06171875
4 0.52734375 0.85546875 0.0734375 0.26796875
4 0.48828125 0.48203125 0.03984375 0.14921875
4 0.43359375 0.0921875 0.025 0.0703125
4 0.61015625 0.1390625 0.01640625 0.08046875
4 0.55390625 0.06171875 0.0171875 0.04609375
4 0.56875 0.10625 0.0171875 0.05546875
4 0.6 0.06875 0.015625 0.046875