6 0.3328125 0.32578125 0.0984375 0.21484375
2 0.415625 0.228125 0.04765625 0.05703125
3 0.19609375 0.58203125 0.21171875 0.36328125
3 0.34296875 0.49921875 0.115625 0.26953125
2 0.5453125 0.77421875 0.10859375 0.32265625
2 0.4484375 0.40546875 0.0609375 0.14453125
2 0.4109375 0.3 0.04921875 0.084375
3 0.56328125 0.253125 0.0421875 0.103125
2 0.528125 0.1765625 0.02578125 0.0515625
2 0.4453125 0.24296875 0.03671875 0.0703125
2 0.47578125 0.19140625 0.02421875 0.04375
2 0.4640625 0.165625 0.025 0.04609375
2 0.47734375 0.14375 0.01953125 0.03671875