6 0.48125 0.2015625 0.0515625 0.1359375
5 0.16796875 0.878125 0.17734375 0.24375
4 0.6015625 0.66640625 0.0484375 0.153125
5 0.36015625 0.34375 0.053125 0.09140625
5 0.428125 0.3546875 0.04765625 0.08828125
5 0.4140625 0.2859375 0.03984375 0.0734375
2 0.44609375 0.1875 0.02109375 0.040625
2 0.5125 0.16640625 0.01484375 0.03828125
6 0.515625 0.14453125 0.01796875 0.04375
6 0.5046875 0.1046875 0.02421875 0.05859375
6 0.471875 0.0921875 0.015625 0.04609375
3 0.5203125 0.10546875 0.01328125 0.02578125
4 0.53984375 0.14296875 0.00546875 0.02734375
4 0.55 0.13203125 0.0078125 0.0296875
3 0.575 0.41015625 0.06875 0.17734375
5 0.69609375 0.5109375 0.0765625 0.134375
5 0.596875 0.19609375 0.02265625 0.0453125