4 0.77734375 0.659375 0.06328125 0.19453125
5 0.56171875 0.57421875 0.096875 0.2265625
2 0.49375 0.3234375 0.06484375 0.1265625
2 0.37421875 0.2265625 0.0390625 0.08515625
7 0.45234375 0.1359375 0.02578125 0.07421875
5 0.43515625 0.17265625 0.03359375 0.05625
2 0.43984375 0.22578125 0.03984375 0.08515625
5 0.31328125 0.4390625 0.06953125 0.153125
3 0.42109375 0.0859375 0.02734375 0.05703125
5 0.47890625 0.109375 0.02421875 0.046875
3 0.4484375 0.07578125 0.02890625 0.0453125
3 0.40234375 0.559375 0.10859375 0.38828125
4 0.50234375 0.23828125 0.021875 0.07578125
4 0.4765625 0.21796875 0.01796875 0.05703125