6 0.390625 0.7109375 0.15390625 0.546875
7 0.42890625 0.3640625 0.0859375 0.1703125
7 0.46484375 0.17890625 0.02890625 0.0734375
7 0.5171875 0.13828125 0.02265625 0.05625
7 0.484375 0.1234375 0.01953125 0.04609375
5 0.5375 0.675 0.103125 0.2296875
5 0.3328125 0.4140625 0.05859375 0.1328125
5 0.52109375 0.43828125 0.059375 0.10703125
4 0.503125 0.50390625 0.0296875 0.09453125
2 0.71953125 0.4 0.1109375 0.10234375
4 0.40703125 0.234375 0.021875 0.06953125
4 0.36640625 0.31875 0.01796875 0.07578125
4 0.51953125 0.3296875 0.02265625 0.075
2 0.578125 0.3421875 0.0671875 0.12421875
2 0.5453125 0.16796875 0.0328125 0.06640625
2 0.4578125 0.240625 0.040625 0.08359375