2 0.4609375 0.459375 0.07578125 0.18359375
4 0.28515625 0.62109375 0.0546875 0.16875
2 0.49765625 0.328125 0.05078125 0.09140625
5 0.4453125 0.290625 0.04453125 0.0734375
5 0.62265625 0.38671875 0.04921875 0.10703125
4 0.56484375 0.2375 0.01328125 0.053125
3 0.59375 0.19609375 0.03203125 0.06015625
4 0.49609375 0.17265625 0.0078125 0.03203125
5 0.56953125 0.18359375 0.0203125 0.03984375
4 0.5453125 0.15390625 0.00703125 0.0265625
4 0.55546875 0.14921875 0.00546875 0.025
2 0.578125 0.1515625 0.01484375 0.025
2 0.56875 0.13984375 0.01328125 0.02109375