7 0.7140625 0.646875 0.16484375 0.3453125
6 0.5484375 0.32890625 0.0625 0.15703125
6 0.4828125 0.18125 0.0453125 0.11875
4 0.59140625 0.82890625 0.05234375 0.2
2 0.47734375 0.61953125 0.11328125 0.275
2 0.471875 0.30390625 0.05078125 0.10234375
2 0.60390625 0.26015625 0.05625 0.0921875
5 0.409375 0.2484375 0.03828125 0.06875
3 0.5421875 0.23125 0.04609375 0.103125
2 0.5703125 0.178125 0.03671875 0.059375
7 0.528125 0.1484375 0.02890625 0.0640625
3 0.54765625 0.1046875 0.01875 0.04375
7 0.5015625 0.046875 0.0109375 0.02421875
3 0.5359375 0.06171875 0.01640625 0.02890625
4 0.471875 0.06875 0.00625 0.0234375
7 0.4453125 0.16328125 0.03828125 0.0578125
5 0.49140625 0.1078125 0.01796875 0.034375
2 0.50078125 0.0703125 0.01328125 0.02265625
5 0.484375 0.0453125 0.009375 0.021875
5 0.509375 0.09453125 0.0171875 0.03515625
2 0.5234375 0.04453125 0.0109375 0.0171875