6 0.546875 0.159375 0.06328125 0.2015625
6 0.52265625 0.053125 0.02890625 0.08203125
5 0.5171875 0.109375 0.0421875 0.05390625
5 0.559375 0.32265625 0.06953125 0.12890625
5 0.36015625 0.28125 0.05390625 0.1
5 0.33203125 0.33359375 0.06875 0.12421875
5 0.2921875 0.4359375 0.09140625 0.16171875
2 0.40546875 0.6984375 0.14140625 0.3359375
2 0.15234375 0.871875 0.25390625 0.25546875
7 0.70625 0.64375 0.23046875 0.38984375
7 0.4765625 0.14453125 0.046875 0.1015625
3 0.63984375 0.28125 0.09765625 0.18828125
3 0.40625 0.396875 0.12734375 0.22890625
4 0.4390625 0.19609375 0.028125 0.07890625
4 0.4703125 0.24453125 0.0265625 0.065625