1 0.24453125 0.659375 0.4890625 0.68125
1 0.61328125 0.1671875 0.09140625 0.20390625
1 0.53828125 0.146875 0.06171875 0.16328125
6 0.61015625 0.63046875 0.140625 0.36640625
5 0.7 0.3671875 0.07265625 0.13671875
5 0.740625 0.63359375 0.1015625 0.19765625
5 0.76328125 0.85625 0.1234375 0.2875
2 0.55546875 0.30859375 0.06484375 0.14765625
2 0.40703125 0.240625 0.0453125 0.0765625
4 0.6875 0.5078125 0.06171875 0.14921875
4 0.4453125 0.2046875 0.02109375 0.06953125
4 0.46953125 0.1140625 0.0140625 0.04453125