2 0.29296875 0.81953125 0.18046875 0.3609375
2 0.49375 0.41484375 0.065625 0.15546875
2 0.4515625 0.1734375 0.021875 0.03984375
7 0.46171875 0.234375 0.03359375 0.0734375
3 0.409375 0.159375 0.02421875 0.05625
5 0.40625 0.2609375 0.034375 0.0734375
4 0.4375 0.32890625 0.0203125 0.071875
4 0.52734375 0.28671875 0.0171875 0.06953125
5 0.47265625 0.20078125 0.02265625 0.06015625
5 0.525 0.19921875 0.02890625 0.053125
4 0.5609375 0.20078125 0.01484375 0.04609375
5 0.48671875 0.1640625 0.02109375 0.03984375
4 0.4796875 0.31015625 0.01796875 0.06484375
4 0.43828125 0.56484375 0.03828125 0.1515625