2 0.32265625 0.7375 0.17890625 0.3546875
4 0.57109375 0.5859375 0.04921875 0.140625
3 0.596875 0.40859375 0.09609375 0.24609375
7 0.3890625 0.29921875 0.05546875 0.15078125
4 0.496875 0.44609375 0.03046875 0.12265625
4 0.52421875 0.21015625 0.02109375 0.07421875
3 0.55859375 0.18046875 0.05859375 0.1140625
2 0.4640625 0.246875 0.05 0.09609375
2 0.50625 0.13125 0.03828125 0.06484375
6 0.48203125 0.078125 0.02265625 0.05625
2 0.53125 0.059375 0.025 0.04921875
4 0.6421875 0.36640625 0.02265625 0.09140625
4 0.46171875 0.0390625 0.00703125 0.034375