2 0.53828125 0.309375 0.05 0.11484375
7 0.4609375 0.27109375 0.05234375 0.096875
5 0.303125 0.52109375 0.0953125 0.1703125
5 0.1265625 0.8640625 0.17890625 0.27109375
2 0.58046875 0.8328125 0.1453125 0.334375
4 0.75 0.80625 0.04921875 0.16953125
2 0.60859375 0.44296875 0.0859375 0.14296875
5 0.478125 0.44375 0.0734375 0.11171875
3 0.46640625 0.17109375 0.03671875 0.07578125
3 0.4875 0.11015625 0.0265625 0.0515625
2 0.59609375 0.2453125 0.0453125 0.0796875
5 0.5140625 0.178125 0.028125 0.05859375
2 0.55546875 0.16796875 0.0296875 0.06015625
4 0.56640625 0.53203125 0.04375 0.121875
4 0.7640625 0.671875 0.06484375 0.159375
5 0.67734375 0.2859375 0.04765625 0.08359375