6 0.41875 0.67578125 0.2828125 0.6484375
6 0.48828125 0.20859375 0.06328125 0.17890625
3 0.18125 0.81953125 0.31796875 0.3609375
5 0.06015625 0.8578125 0.11875 0.284375
5 0.68125 0.44765625 0.08984375 0.1734375
5 0.55390625 0.30625 0.0625 0.121875
5 0.346875 0.2875 0.0578125 0.11953125
4 0.3453125 0.434375 0.0421875 0.0953125
4 0.40859375 0.421875 0.03125 0.103125
7 0.415625 0.2734375 0.08203125 0.15078125
7 0.534375 0.040625 0.03046875 0.071875
2 0.43515625 0.0859375 0.0390625 0.059375
2 0.4703125 0.12265625 0.03203125 0.06796875
2 0.55390625 0.1734375 0.05 0.08984375
2 0.56171875 0.11484375 0.0453125 0.06484375