2 0.32109375 0.32109375 0.0546875 0.08046875
3 0.34375 0.41640625 0.07421875 0.17421875
2 0.4328125 0.5359375 0.06953125 0.15546875
2 0.43984375 0.4 0.05 0.09921875
2 0.5359375 0.40546875 0.05390625 0.0953125
4 0.44921875 0.33203125 0.01796875 0.0546875
4 0.51796875 0.24375 0.0125 0.03984375
3 0.60625 0.37421875 0.06328125 0.1109375
4 0.66796875 0.8015625 0.06015625 0.165625
2 0.45078125 0.2640625 0.0296875 0.0609375
2 0.5359375 0.2125 0.02421875 0.040625
3 0.4984375 0.19296875 0.0203125 0.046875