4 0.73828125 0.5484375 0.05703125 0.16640625
2 0.58359375 0.7953125 0.1671875 0.409375
4 0.54921875 0.44453125 0.03828125 0.13046875
4 0.61171875 0.30390625 0.02421875 0.103125
3 0.55859375 0.19609375 0.05625 0.128125
7 0.44140625 0.26484375 0.0546875 0.128125
5 0.38984375 0.41796875 0.0640625 0.159375
2 0.4640625 0.4234375 0.0734375 0.18203125
2 0.275 0.646875 0.1359375 0.30703125
3 0.4765625 0.10859375 0.0390625 0.0703125
5 0.5234375 0.27734375 0.04921875 0.10546875
3 0.44375 0.15625 0.03671875 0.09375