3 0.15390625 0.8625 0.30703125 0.275
3 0.39375 0.4484375 0.08984375 0.1609375
3 0.51328125 0.25625 0.03203125 0.03046875
3 0.48203125 0.240625 0.02734375 0.05390625
4 0.33515625 0.60390625 0.04453125 0.1265625
4 0.4109375 0.51796875 0.03203125 0.09375
2 0.5890625 0.4421875 0.05078125 0.10859375
2 0.5640625 0.265625 0.0265625 0.06015625
5 0.5859375 0.3234375 0.03359375 0.06640625
5 0.55234375 0.29375 0.02578125 0.06015625
5 0.45390625 0.30546875 0.03359375 0.065625
2 0.59296875 0.73671875 0.1015625 0.2546875
1 0.48515625 0.42421875 0.10234375 0.32421875
7 0.609375 0.24453125 0.03125 0.05234375
5 0.50390625 0.2265625 0.0171875 0.03515625
5 0.515625 0.2203125 0.01796875 0.03359375
5 0.5671875 0.221875 0.0171875 0.034375
3 0.50546875 0.1953125 0.01796875 0.03671875
3 0.5125 0.16796875 0.01171875 0.02734375
4 0.53203125 0.23515625 0.0078125 0.03359375
4 0.54609375 0.22265625 0.0078125 0.03125
6 0.5328125 0.1671875 0.021875 0.0625
2 0.55703125 0.146875 0.0109375 0.01640625
5 0.49140625 0.15703125 0.01171875 0.0203125