5 0.35703125 0.5015625 0.09140625 0.19296875
5 0.571875 0.8046875 0.13046875 0.29296875
5 0.49375 0.046875 0.02578125 0.03828125
5 0.39296875 0.30703125 0.059375 0.128125
5 0.55078125 0.10234375 0.03515625 0.06171875
7 0.42734375 0.13359375 0.046875 0.11328125
2 0.53984375 0.03671875 0.02578125 0.05
2 0.68828125 0.41171875 0.12890625 0.26484375
2 0.45546875 0.04921875 0.02734375 0.065625
4 0.52109375 0.0515625 0.01484375 0.0546875
4 0.33984375 0.2640625 0.03828125 0.11171875
4 0.37578125 0.21328125 0.03984375 0.084375
4 0.42578125 0.253125 0.02890625 0.096875
6 0.26640625 0.434375 0.15078125 0.22421875