6 0.4625 0.15703125 0.04453125 0.1234375
5 0.4703125 0.2453125 0.03203125 0.1015625
4 0.2875 0.64375 0.0640625 0.165625
4 0.42265625 0.18203125 0.0125 0.0609375
4 0.6078125 0.25078125 0.02109375 0.08203125
4 0.584375 0.21015625 0.0171875 0.0625
5 0.70390625 0.49375 0.075 0.16015625
2 0.56796875 0.2875 0.06015625 0.1296875
3 0.5234375 0.15625 0.0359375 0.1046875
2 0.56484375 0.13359375 0.0296875 0.0484375
5 0.55625 0.09609375 0.0171875 0.03984375
6 0.51875 0.078125 0.03046875 0.0734375
6 0.47890625 0.075 0.040625 0.06875