2 0.578125 0.2046875 0.04375 0.08359375
5 0.6296875 0.4390625 0.0703125 0.15390625
5 0.4625 0.140625 0.03046875 0.0640625
5 0.57109375 0.52578125 0.07578125 0.16484375
2 0.4796875 0.46484375 0.03046875 0.1296875
2 0.51484375 0.29921875 0.059375 0.1546875
5 0.39765625 0.72421875 0.10234375 0.25703125
5 0.64921875 0.2296875 0.03984375 0.084375
5 0.5390625 0.103125 0.0265625 0.05625
5 0.51015625 0.11640625 0.0296875 0.0484375
7 0.4796875 0.04765625 0.02421875 0.0625
4 0.3984375 0.16953125 0.02578125 0.07578125
4 0.41328125 0.40546875 0.0296875 0.109375
5 0.50234375 0.19375 0.034375 0.05859375