0 0.34609375 0.40859375 0.02421875 0.1015625
7 0.63359375 0.2625 0.05703125 0.1203125
1 0.88515625 0.67265625 0.2296875 0.6546875
4 0.44140625 0.52265625 0.04296875 0.153125
4 0.74140625 0.3640625 0.0203125 0.09453125
4 0.53125 0.16796875 0.01484375 0.05078125
4 0.55078125 0.121875 0.01171875 0.0390625
4 0.5890625 0.178125 0.01015625 0.05
2 0.6921875 0.38359375 0.10078125 0.16171875
2 0.42109375 0.27109375 0.05546875 0.11171875
2 0.57265625 0.20859375 0.0421875 0.08984375
2 0.48203125 0.125 0.02734375 0.04921875
2 0.59609375 0.1453125 0.02578125 0.04375
3 0.24140625 0.6859375 0.20859375 0.44453125
6 0.59140625 0.08671875 0.0375 0.10859375
6 0.52734375 0.065625 0.025 0.06171875