0 0.378125 0.22421875 0.01640625 0.06484375
0 0.28125 0.9078125 0.0625 0.184375
4 0.38359375 0.528125 0.03515625 0.1703125
5 0.434375 0.359375 0.0546875 0.121875
2 0.56171875 0.2234375 0.03984375 0.08828125
0 0.61875 0.25546875 0.02265625 0.07421875
4 0.52109375 0.171875 0.01328125 0.0484375
2 0.47890625 0.15546875 0.0265625 0.0484375
5 0.4078125 0.2640625 0.04296875 0.0859375
2 0.425 0.12578125 0.02421875 0.0390625
5 0.44921875 0.19609375 0.0296875 0.065625
5 0.46953125 0.11328125 0.0203125 0.0359375