3 0.434375 0.334375 0.09453125 0.23515625
3 0.6078125 0.2703125 0.06328125 0.18125
2 0.57265625 0.8140625 0.128125 0.37109375
5 0.678125 0.6 0.1 0.2203125
7 0.5171875 0.0859375 0.03359375 0.06875
7 0.53828125 0.12109375 0.034375 0.07890625
6 0.5953125 0.13671875 0.03828125 0.08515625
5 0.6421875 0.1546875 0.0296875 0.059375
4 0.62578125 0.134375 0.01015625 0.05234375
4 0.57421875 0.09921875 0.00859375 0.04375
2 0.61953125 0.08984375 0.02578125 0.0421875
3 0.621875 0.04921875 0.028125 0.04375
7 0.5953125 0.0484375 0.02421875 0.03515625
4 0.64453125 0.04375 0.00625 0.028125
4 0.7640625 0.4515625 0.0421875 0.1296875