4 0.146875 0.83984375 0.08671875 0.23515625
6 0.47578125 0.31015625 0.05390625 0.11328125
6 0.340625 0.51953125 0.12265625 0.31015625
4 0.334375 0.33203125 0.02578125 0.0703125
4 0.4375 0.2609375 0.01796875 0.05390625
4 0.3765625 0.19921875 0.0125 0.04140625
4 0.4 0.165625 0.01171875 0.0359375
3 0.42890625 0.18984375 0.04140625 0.08359375
2 0.39453125 0.30625 0.05234375 0.1
5 0.48515625 0.1390625 0.01953125 0.04375
4 0.29609375 0.40078125 0.0296875 0.11171875
7 0.846875 0.8046875 0.30625 0.390625