6 0.396875 0.34609375 0.12578125 0.271875
6 0.5625 0.3296875 0.09609375 0.26875
4 0.23203125 0.51953125 0.0734375 0.16875
4 0.66015625 0.58828125 0.040625 0.16875
4 0.6375 0.365625 0.028125 0.11171875
4 0.6390625 0.28671875 0.028125 0.09609375
4 0.584375 0.171875 0.01953125 0.071875
5 0.56171875 0.0890625 0.02890625 0.06640625
5 0.2671875 0.37890625 0.0796875 0.14453125
3 0.4359375 0.10859375 0.04609375 0.10703125
3 0.51015625 0.1875 0.04453125 0.11171875
3 0.50390625 0.03984375 0.025 0.06171875