6 0.4 0.703125 0.18671875 0.48671875
7 0.3234375 0.55546875 0.18046875 0.30390625
7 0.56015625 0.2203125 0.05546875 0.14296875
2 0.62734375 0.70703125 0.13671875 0.4015625
2 0.6890625 0.4 0.11328125 0.171875
2 0.39140625 0.284375 0.075 0.11171875
2 0.47421875 0.2015625 0.04296875 0.07890625
2 0.5359375 0.08125 0.0328125 0.06328125
5 0.303125 0.3890625 0.07734375 0.134375
5 0.6078125 0.1296875 0.03828125 0.0796875
3 0.43203125 0.13046875 0.04921875 0.096875
3 0.4390625 0.05859375 0.03671875 0.0703125