7 0.57421875 0.66484375 0.15546875 0.2359375
4 0.415625 0.56640625 0.03046875 0.10859375
2 0.465625 0.39296875 0.04921875 0.10625
5 0.39375 0.396875 0.0390625 0.0859375
4 0.42890625 0.3734375 0.01796875 0.0734375
6 0.46875 0.30859375 0.02890625 0.06640625
2 0.78515625 0.8875 0.16328125 0.225
3 0.634375 0.384375 0.0703125 0.12109375
2 0.5078125 0.1703125 0.01953125 0.04609375
4 0.53359375 0.2046875 0.00859375 0.0375
2 0.25546875 0.64140625 0.21015625 0.26015625
2 0.4828125 0.2890625 0.0265625 0.0578125
2 0.47421875 0.1765625 0.02578125 0.03984375