7 0.3859375 0.453125 0.09453125 0.17890625
3 0.5140625 0.46640625 0.08046875 0.30078125
2 0.11640625 0.89921875 0.2328125 0.2015625
5 0.8953125 0.7515625 0.12109375 0.2484375
4 0.40390625 0.31015625 0.02421875 0.09609375
2 0.48671875 0.23828125 0.04140625 0.08984375
3 0.55234375 0.2109375 0.0390625 0.0890625
3 0.54375 0.1359375 0.03359375 0.04921875
4 0.575 0.128125 0.009375 0.03671875
3 0.59609375 0.1109375 0.02578125 0.0296875
2 0.5671875 0.09609375 0.0125 0.02109375
4 0.5765625 0.09296875 0.0046875 0.0203125