5 0.60546875 0.1234375 0.0296875 0.09375
0 0.68984375 0.2125 0.02265625 0.096875
0 0.71171875 0.29140625 0.02578125 0.10859375
0 0.7515625 0.2890625 0.02734375 0.11328125
0 0.778125 0.346875 0.02890625 0.1109375
0 0.73125 0.37421875 0.028125 0.1109375
0 0.771875 0.45234375 0.0296875 0.1359375
0 0.73203125 0.509375 0.03671875 0.1609375
0 0.70390625 0.4609375 0.03203125 0.15078125
4 0.6953125 0.70703125 0.065625 0.25078125
2 0.6328125 0.2359375 0.0765625 0.12265625
2 0.51796875 0.0984375 0.0484375 0.09765625
2 0.43203125 0.0671875 0.046875 0.08671875