0 0.17265625 0.65546875 0.03671875 0.1359375
6 0.38828125 0.59765625 0.1296875 0.4265625
6 0.52734375 0.390625 0.08046875 0.1875
4 0.646875 0.7015625 0.05546875 0.13515625
4 0.63515625 0.52421875 0.04609375 0.11015625
4 0.51171875 0.5765625 0.02890625 0.11171875
2 0.2671875 0.6015625 0.125 0.22421875
2 0.43828125 0.2671875 0.028125 0.05390625
6 0.5140625 0.22265625 0.0359375 0.0734375
6 0.44765625 0.203125 0.0265625 0.0828125
4 0.21796875 0.5390625 0.0484375 0.1328125
4 0.26796875 0.44765625 0.02734375 0.0953125