5 0.39765625 0.44453125 0.0703125 0.13984375
5 0.56953125 0.10546875 0.02265625 0.0453125
4 0.40703125 0.17109375 0.0125 0.05234375
4 0.3984375 0.1546875 0.01171875 0.05
4 0.5515625 0.0953125 0.0078125 0.0359375
4 0.5078125 0.07734375 0.0078125 0.0328125
4 0.465625 0.084375 0.0078125 0.0359375
5 0.52578125 0.12109375 0.025 0.04453125
7 0.2359375 0.50546875 0.15078125 0.26171875
7 0.6625 0.38359375 0.0859375 0.1921875
2 0.5203125 0.51171875 0.08203125 0.21328125
2 0.38203125 0.25234375 0.053125 0.0828125
2 0.4671875 0.31796875 0.05390625 0.1125
2 0.5359375 0.246875 0.04765625 0.125
2 0.43515625 0.13828125 0.03359375 0.0640625
2 0.4828125 0.15 0.0296875 0.05546875
2 0.53515625 0.16171875 0.0359375 0.071875
2 0.48828125 0.10703125 0.02421875 0.04453125
7 0.4421875 0.0875 0.0234375 0.0515625
2 0.52109375 0.08984375 0.021875 0.04609375
2 0.5546875 0.07109375 0.021875 0.040625
5 0.53125 0.0375 0.0125 0.028125
2 0.4890625 0.075 0.01875 0.03203125
2 0.4796875 0.0625 0.0203125 0.03125
5 0.50703125 0.03828125 0.01328125 0.0265625
5 0.38671875 0.0921875 0.1625 0.18359375