2 0.55078125 0.6109375 0.10390625 0.29453125
5 0.3125 0.59375 0.08671875 0.178125
2 0.51953125 0.390625 0.0609375 0.1109375
5 0.61953125 0.4109375 0.0640625 0.1140625
3 0.409375 0.221875 0.03203125 0.07109375
4 0.42578125 0.29765625 0.01640625 0.065625
5 0.4328125 0.20703125 0.02265625 0.046875
4 0.4578125 0.18203125 0.00859375 0.028125
3 0.41015625 0.221875 0.03203125 0.0734375
4 0.51328125 0.196875 0.00703125 0.0359375
2 0.42109375 0.1640625 0.015625 0.02734375
2 0.4390625 0.15625 0.0171875 0.025
4 0.4421875 0.175 0.00625 0.0296875
5 0.40390625 0.171875 0.015625 0.0296875
2 0.3703125 0.13671875 0.01171875 0.02265625
2 0.39765625 0.13359375 0.01015625 0.01875
2 0.4234375 0.1375 0.01171875 0.01953125