2 0.446875 0.35234375 0.08515625 0.134375
7 0.59375 0.35703125 0.08203125 0.2
4 0.4890625 0.47578125 0.0390625 0.11875
5 0.55390625 0.6765625 0.10234375 0.2265625
4 0.39296875 0.86171875 0.06640625 0.21875
2 0.18125 0.821875 0.30390625 0.35625
4 0.46875 0.20234375 0.0203125 0.07109375
4 0.3953125 0.8578125 0.06171875 0.203125
4 0.4875 0.46875 0.03359375 0.12578125
4 0.471875 0.20234375 0.015625 0.0765625
2 0.44765625 0.3484375 0.0859375 0.140625
2 0.18515625 0.825 0.31015625 0.35
7 0.59375 0.35390625 0.07578125 0.18828125
5 0.55703125 0.67109375 0.096875 0.2265625
7 0.53515625 0.1515625 0.04296875 0.09765625
5 0.590625 0.1484375 0.03671875 0.075
6 0.49375 0.08828125 0.04921875 0.08203125
4 0.490625 0.15234375 0.0234375 0.05