7 0.16015625 0.79140625 0.23359375 0.41640625
6 0.56875 0.825 0.153125 0.35
2 0.42265625 0.4390625 0.06328125 0.15
3 0.6046875 0.45 0.084375 0.1859375
4 0.5125 0.27578125 0.015625 0.0578125
2 0.4953125 0.221875 0.0328125 0.05703125
3 0.57734375 0.24921875 0.0453125 0.090625
3 0.4171875 0.1765625 0.0328125 0.06171875
4 0.45703125 0.1765625 0.01015625 0.040625
4 0.50234375 0.1765625 0.009375 0.03359375
3 0.56328125 0.190625 0.0296875 0.05546875
3 0.5296875 0.18125 0.02734375 0.053125
3 0.4921875 0.15546875 0.021875 0.0484375
2 0.446875 0.1125 0.01484375 0.02265625
2 0.4703125 0.10234375 0.01328125 0.02265625
2 0.53828125 0.15 0.01953125 0.03203125
3 0.50546875 0.0875 0.0125 0.025
4 0.45546875 0.1 0.00546875 0.021875
2 0.48984375 0.11953125 0.01484375 0.025
2 0.490625 0.10390625 0.01328125 0.01484375