6 0.48046875 0.17578125 0.04375 0.109375
1 0.41328125 0.2390625 0.0984375 0.23046875
2 0.51484375 0.4078125 0.0640625 0.12578125
2 0.38046875 0.484375 0.1109375 0.17890625
2 0.24296875 0.81171875 0.20390625 0.37578125
2 0.48515625 0.5703125 0.09296875 0.24453125
2 0.5015625 0.84765625 0.121875 0.3046875
5 0.11953125 0.78828125 0.125 0.2734375
4 0.60078125 0.53125 0.03828125 0.1421875
5 0.575 0.28203125 0.0515625 0.08828125
2 0.7203125 0.36875 0.08671875 0.13828125
2 0.8203125 0.67578125 0.18828125 0.33671875