4 0.7671875 0.61484375 0.0484375 0.17421875
4 0.65703125 0.48203125 0.03984375 0.096875
4 0.5859375 0.46953125 0.03046875 0.109375
4 0.3828125 0.4734375 0.03203125 0.12890625
4 0.44921875 0.3015625 0.01875 0.0609375
5 0.5921875 0.3859375 0.05625 0.11328125
5 0.6515625 0.61953125 0.10234375 0.19375
5 0.45546875 0.3953125 0.05703125 0.109375
2 0.5296875 0.4921875 0.0828125 0.21171875
7 0.5 0.25546875 0.03828125 0.1046875
7 0.54609375 0.228125 0.04296875 0.08515625
3 0.44453125 0.215625 0.03203125 0.08125
3 0.40078125 0.31171875 0.06171875 0.13515625
4 0.94296875 0.8703125 0.1140625 0.25625