2 0.5015625 0.50625 0.11953125 0.2546875
2 0.7515625 0.4 0.11171875 0.1859375
4 0.59453125 0.246875 0.0234375 0.0828125
2 0.54296875 0.16640625 0.04375 0.08125
3 0.5890625 0.1203125 0.0390625 0.08671875
5 0.64453125 0.10625 0.03359375 0.0578125
4 0.49140625 0.1078125 0.015625 0.046875
2 0.5421875 0.05 0.02421875 0.0359375
2 0.56796875 0.07421875 0.02578125 0.0421875
5 0.61484375 0.084375 0.02890625 0.046875
4 0.58984375 0.04453125 0.0109375 0.03671875
2 0.6234375 0.053125 0.02421875 0.0421875
2 0.57109375 0.01953125 0.01875 0.03046875
2 0.59609375 0.0265625 0.01875 0.03125
4 0.6515625 0.05625 0.00859375 0.03828125
4 0.6390625 0.03359375 0.00859375 0.0390625