5 0.60234375 0.44453125 0.0703125 0.13984375
5 0.43046875 0.10546875 0.02265625 0.0453125
4 0.59296875 0.17109375 0.0125 0.05234375
4 0.6015625 0.1546875 0.01171875 0.05
4 0.4484375 0.0953125 0.0078125 0.0359375
4 0.4921875 0.07734375 0.0078125 0.0328125
4 0.534375 0.084375 0.0078125 0.0359375
5 0.47421875 0.12109375 0.025 0.04453125
7 0.7640625 0.50546875 0.15078125 0.26171875
7 0.3375 0.38359375 0.0859375 0.1921875
2 0.4796875 0.51171875 0.08203125 0.21328125
2 0.61796875 0.25234375 0.053125 0.0828125
2 0.5328125 0.31796875 0.05390625 0.1125
2 0.4640625 0.246875 0.04765625 0.125
2 0.56484375 0.13828125 0.03359375 0.0640625
2 0.5171875 0.15 0.0296875 0.05546875
2 0.46484375 0.16171875 0.0359375 0.071875
2 0.51171875 0.10703125 0.02421875 0.04453125
7 0.5578125 0.0875 0.0234375 0.0515625
2 0.47890625 0.08984375 0.021875 0.04609375
2 0.4453125 0.07109375 0.021875 0.040625
5 0.46875 0.0375 0.0125 0.028125
2 0.5109375 0.075 0.01875 0.03203125
2 0.5203125 0.0625 0.0203125 0.03125
5 0.49296875 0.03828125 0.01328125 0.0265625
5 0.61328125 0.0921875 0.1625 0.18359375