2 0.35859375 0.51171875 0.10625 0.240625
7 0.54921875 0.04609375 0.040625 0.08984375
4 0.546875 0.13046875 0.01953125 0.071875
4 0.45703125 0.1640625 0.02265625 0.090625
4 0.509375 0.4703125 0.03359375 0.13515625
4 0.46484375 0.07890625 0.01640625 0.05546875
4 0.44375 0.02734375 0.0125 0.053125
4 0.48828125 0.0453125 0.01640625 0.05546875
5 0.40703125 0.1328125 0.04609375 0.084375
5 0.3859375 0.20703125 0.05859375 0.1046875
5 0.66484375 0.6265625 0.11328125 0.2671875
4 0.53828125 0.25234375 0.03203125 0.11953125
5 0.67890625 0.24609375 0.071875 0.13359375
4 0.65234375 0.334375 0.0546875 0.115625
4 0.45078125 0.121875 0.01875 0.06015625
4 0.62109375 0.09375 0.02578125 0.06796875