0 0.82734375 0.65546875 0.03671875 0.1359375
6 0.61171875 0.59765625 0.1296875 0.4265625
6 0.47265625 0.390625 0.08046875 0.1875
4 0.353125 0.7015625 0.05546875 0.13515625
4 0.36484375 0.52421875 0.04609375 0.11015625
4 0.48828125 0.5765625 0.02890625 0.11171875
2 0.7328125 0.6015625 0.125 0.22421875
2 0.56171875 0.2671875 0.028125 0.05390625
6 0.4859375 0.22265625 0.0359375 0.0734375
6 0.55234375 0.203125 0.0265625 0.0828125
4 0.78203125 0.5390625 0.0484375 0.1328125
4 0.73203125 0.44765625 0.02734375 0.0953125