3 0.34453125 0.34375 0.10390625 0.21171875
5 0.4234375 0.5453125 0.07421875 0.1859375
4 0.45234375 0.15390625 0.01484375 0.06640625
5 0.60078125 0.7546875 0.12421875 0.3125
2 0.48359375 0.31640625 0.0640625 0.16875
5 0.44921875 0.25546875 0.0390625 0.09765625
4 0.53359375 0.24765625 0.01875 0.07578125
4 0.6421875 0.29375 0.02421875 0.1
5 0.5015625 0.1578125 0.03125 0.07265625
5 0.38359375 0.19140625 0.0390625 0.08125
4 0.540625 0.1875 0.01796875 0.071875
2 0.46171875 0.090625 0.02890625 0.05234375
5 0.51875 0.06953125 0.02265625 0.04375