7 0.49140625 0.1328125 0.025 0.06171875
2 0.66328125 0.521875 0.12734375 0.27109375
2 0.53671875 0.4125 0.08359375 0.184375
2 0.5078125 0.2984375 0.04140625 0.125
4 0.7078125 0.8203125 0.04375 0.2125
4 0.60625 0.7796875 0.04375 0.23046875
4 0.54296875 0.84140625 0.0375 0.25078125
4 0.56015625 0.66328125 0.0484375 0.175
5 0.47421875 0.6859375 0.09453125 0.209375
5 0.46171875 0.45 0.05703125 0.07890625
5 0.45546875 0.575 0.07421875 0.1515625
5 0.4515625 0.1546875 0.02734375 0.053125
4 0.5875 0.28046875 0.0328125 0.078125
4 0.68984375 0.36953125 0.03671875 0.10234375
4 0.6140625 0.2203125 0.02109375 0.0578125
4 0.5890625 0.17109375 0.01484375 0.04921875
4 0.57421875 0.1640625 0.0140625 0.04296875
4 0.4171875 0.146875 0.009375 0.040625
4 0.3953125 0.17578125 0.0125 0.04765625