5 0.44765625 0.35390625 0.05234375 0.12109375
7 0.271875 0.6484375 0.21171875 0.371875
2 0.44140625 0.146875 0.040625 0.078125
5 0.51484375 0.14296875 0.03515625 0.06484375
2 0.34375 0.21015625 0.1015625 0.08359375
5 0.4765625 0.74140625 0.11953125 0.2796875
5 0.66640625 0.42734375 0.0953125 0.18984375
2 0.52109375 0.278125 0.08125 0.13125
2 0.48203125 0.0640625 0.03671875 0.05625
4 0.55234375 0.09375 0.01484375 0.0609375
2 0.54140625 0.06640625 0.04609375 0.04375
4 0.57890625 0.10390625 0.01328125 0.05859375
3 0.4125 0.03125 0.028125 0.0625