4 0.23671875 0.46953125 0.06796875 0.159375
4 0.41015625 0.121875 0.02578125 0.05703125
4 0.49453125 0.065625 0.01875 0.05
4 0.54140625 0.03515625 0.01328125 0.04609375
5 0.4 0.19140625 0.0515625 0.09609375
5 0.48203125 0.034375 0.02421875 0.04921875
5 0.53125 0.0578125 0.02265625 0.05859375
2 0.48046875 0.10703125 0.034375 0.065625
2 0.53125 0.11328125 0.04296875 0.07890625
2 0.66640625 0.365625 0.11171875 0.20625
3 0.56484375 0.059375 0.03671875 0.09296875
5 0.328125 0.15703125 0.05390625 0.08125