7 0.34453125 0.65234375 0.41328125 0.18125
7 0.6578125 0.42421875 0.2203125 0.08515625
2 0.6828125 0.5640625 0.14921875 0.0890625
2 0.84453125 0.50234375 0.1 0.04765625
2 0.82109375 0.39375 0.128125 0.08046875
5 0.834375 0.62890625 0.08359375 0.05703125
5 0.884375 0.61640625 0.0765625 0.046875
5 0.9390625 0.5375 0.075 0.03671875
4 0.9375 0.49609375 0.06640625 0.01875
5 0.93671875 0.434375 0.07578125 0.0375
4 0.96640625 0.4625 0.0578125 0.0140625
2 0.92421875 0.58671875 0.07578125 0.0421875
5 0.6109375 0.2359375 0.18203125 0.1140625