5 0.4109375 0.3671875 0.05703125 0.1203125
1 0.528125 0.265625 0.0796875 0.2078125
5 0.45390625 0.2671875 0.04140625 0.09296875
3 0.521875 0.10625 0.03125 0.06875
3 0.56328125 0.11796875 0.03125 0.0765625
2 0.609375 0.1390625 0.0265625 0.0453125
2 0.60703125 0.09765625 0.02421875 0.04375
2 0.60078125 0.07890625 0.03125 0.03515625
4 0.6 0.2765625 0.01875 0.0796875
4 0.6609375 0.2453125 0.0171875 0.06953125
5 0.66171875 0.14375 0.02578125 0.053125
5 0.54765625 0.05625 0.01640625 0.03203125
5 0.5703125 0.0609375 0.0171875 0.03046875
5 0.625 0.0421875 0.01328125 0.028125