7 0.7453125 0.13359375 0.09765625 0.24609375
3 0.18046875 0.4265625 0.23203125 0.52109375
2 0.5828125 0.540625 0.1359375 0.42421875
2 0.54765625 0.17265625 0.08203125 0.21953125
5 0.52578125 0.04609375 0.05390625 0.08984375
5 0.44296875 0.05546875 0.06875 0.109375
5 0.4484375 0.14375 0.08046875 0.153125
5 0.44921875 0.28671875 0.08984375 0.20703125
5 0.39765625 0.49296875 0.12578125 0.265625
5 0.2640625 0.79921875 0.16953125 0.31484375
5 0.3984375 0.8984375 0.184375 0.203125
4 0.46796875 0.63359375 0.05 0.19296875