6 0.603125 0.34609375 0.12578125 0.271875
6 0.4375 0.3296875 0.09609375 0.26875
4 0.76796875 0.51953125 0.0734375 0.16875
4 0.33984375 0.58828125 0.040625 0.16875
4 0.3625 0.365625 0.028125 0.11171875
4 0.3609375 0.28671875 0.028125 0.09609375
4 0.415625 0.171875 0.01953125 0.071875
5 0.43828125 0.0890625 0.02890625 0.06640625
5 0.7328125 0.37890625 0.0796875 0.14453125
3 0.5640625 0.10859375 0.04609375 0.10703125
3 0.48984375 0.1875 0.04453125 0.11171875
3 0.49609375 0.03984375 0.025 0.06171875