4 0.71015625 0.6421875 0.05625 0.19140625
4 0.59296875 0.38671875 0.028125 0.1203125
0 0.46328125 0.2921875 0.01484375 0.0734375
3 0.35625 0.46953125 0.14375 0.34921875
5 0.48515625 0.18359375 0.028125 0.06015625
4 0.465625 0.21953125 0.0171875 0.0640625
0 0.5875 0.15859375 0.00859375 0.04375
0 0.41796875 0.13203125 0.0078125 0.040625
5 0.446875 0.14140625 0.02421875 0.0453125
0 0.46328125 0.29609375 0.01484375 0.071875
7 0.53671875 0.11796875 0.02578125 0.05859375
1 0.39453125 0.70390625 0.3 0.5921875