5 0.7140625 0.2078125 0.06640625 0.1359375
5 0.54140625 0.29140625 0.07265625 0.13984375
5 0.23046875 0.828125 0.17890625 0.34375
4 0.39375 0.590625 0.0484375 0.16875
4 0.47890625 0.4875 0.04765625 0.16171875
4 0.77890625 0.39375 0.06640625 0.146875
4 0.5515625 0.09921875 0.0234375 0.0890625
4 0.6125 0.0890625 0.01484375 0.07890625
4 0.58046875 0.08359375 0.0265625 0.075
2 0.653125 0.31953125 0.11171875 0.18828125
2 0.46484375 0.2234375 0.08125 0.14140625
7 0.2796875 0.4546875 0.18203125 0.30546875
7 0.578125 0.02421875 0.04296875 0.046875