0 0.646875 0.23203125 0.0203125 0.0890625
0 0.65234375 0.31328125 0.0203125 0.10703125
0 0.73125 0.421875 0.03515625 0.15078125
5 0.3109375 0.4890625 0.09921875 0.16875
5 0.33359375 0.33671875 0.06953125 0.12421875
4 0.47265625 0.3828125 0.0234375 0.11796875
4 0.4578125 0.28046875 0.021875 0.096875
4 0.503125 0.24921875 0.02109375 0.0890625
4 0.53203125 0.1828125 0.0171875 0.06875
5 0.46875 0.1828125 0.04921875 0.07890625
2 0.35625 0.2015625 0.0609375 0.103125
3 0.43828125 0.1 0.03515625 0.10078125