1 0.44375 0.19140625 0.05859375 0.16875
1 0.50390625 0.1765625 0.05703125 0.1515625
1 0.45703125 0.0765625 0.0296875 0.06640625
0 0.6171875 0.26796875 0.01875 0.0703125
3 0.57578125 0.2625 0.05703125 0.1359375
4 0.45625 0.3515625 0.02265625 0.078125
4 0.3125 0.41328125 0.04453125 0.10078125
2 0.40703125 0.13203125 0.021875 0.0375
2 0.53203125 0.14140625 0.0234375 0.06171875
3 0.51796875 0.09921875 0.021875 0.040625
2 0.4921875 0.09765625 0.01875 0.03046875
4 0.5453125 0.21640625 0.015625 0.05703125
5 0.31953125 0.3515625 0.05703125 0.09765625