0 0.384375 0.315625 0.01953125 0.071875
0 0.37265625 0.3484375 0.02109375 0.08125
1 0.49765625 0.4125 0.11328125 0.41953125
4 0.72421875 0.5578125 0.059375 0.14140625
2 0.6640625 0.39375 0.08359375 0.13828125
2 0.4328125 0.8890625 0.1375 0.22109375
5 0.34296875 0.45390625 0.0625 0.1359375
3 0.43203125 0.28515625 0.059375 0.14765625
3 0.625 0.18046875 0.0453125 0.0828125
4 0.43125 0.4140625 0.0265625 0.10625
4 0.37890625 0.5 0.02734375 0.10078125
4 0.3765625 0.60078125 0.03828125 0.14765625
4 0.36640625 0.76640625 0.05390625 0.1859375
4 0.28515625 0.9328125 0.08515625 0.13359375
4 0.665625 0.21796875 0.01640625 0.0609375
4 0.6421875 0.2734375 0.025 0.0765625
4 0.59140625 0.1984375 0.0140625 0.059375
4 0.4734375 0.2125 0.0125 0.05625
4 0.5953125 0.12265625 0.0265625 0.040625
4 0.56328125 0.1234375 0.01015625 0.034375
4 0.51484375 0.1859375 0.015625 0.0390625
4 0.47421875 0.17109375 0.01015625 0.0390625
4 0.4859375 0.1875 0.009375 0.0453125
4 0.50625 0.16171875 0.009375 0.0421875