1 0.42421875 0.15546875 0.11796875 0.16875
7 0.75234375 0.4921875 0.11015625 0.1984375
6 0.4125 0.35546875 0.11796875 0.29921875
2 0.1859375 0.76640625 0.209375 0.328125
2 0.6125 0.48359375 0.0828125 0.1890625
2 0.58359375 0.290625 0.0515625 0.10859375
2 0.575 0.13046875 0.0359375 0.06328125
2 0.53203125 0.08984375 0.02890625 0.05
2 0.66171875 0.10703125 0.03671875 0.0671875
5 0.66484375 0.30078125 0.0609375 0.10703125
5 0.66328125 0.1609375 0.04140625 0.07265625
5 0.534375 0.159375 0.03515625 0.075
5 0.62109375 0.0453125 0.021875 0.046875
5 0.54453125 0.03046875 0.01953125 0.0375
4 0.553125 0.10234375 0.01328125 0.05703125
4 0.57578125 0.03203125 0.0078125 0.0359375
4 0.559375 0.0578125 0.01015625 0.03984375
4 0.5703125 0.01875 0.00703125 0.03515625