7 0.2546875 0.13359375 0.09765625 0.24609375
3 0.81953125 0.4265625 0.23203125 0.52109375
2 0.4171875 0.540625 0.1359375 0.42421875
2 0.45234375 0.17265625 0.08203125 0.21953125
5 0.47421875 0.04609375 0.05390625 0.08984375
5 0.55703125 0.05546875 0.06875 0.109375
5 0.5515625 0.14375 0.08046875 0.153125
5 0.55078125 0.28671875 0.08984375 0.20703125
5 0.60234375 0.49296875 0.12578125 0.265625
5 0.7359375 0.79921875 0.16953125 0.31484375
5 0.6015625 0.8984375 0.184375 0.203125
4 0.53203125 0.63359375 0.05 0.19296875