3 0.425 0.628125 0.140625 0.440625
5 0.3484375 0.428125 0.06796875 0.14921875
2 0.43203125 0.2765625 0.0609375 0.103125
4 0.61328125 0.3625 0.0265625 0.09140625
4 0.69921875 0.396875 0.0265625 0.103125
5 0.4703125 0.14609375 0.02734375 0.0546875
5 0.49765625 0.07734375 0.01953125 0.0375
5 0.45390625 0.11328125 0.0265625 0.05078125
7 0.5828125 0.13671875 0.0328125 0.06484375
3 0.57421875 0.04453125 0.0171875 0.04296875
4 0.625 0.14296875 0.01015625 0.0515625
2 0.565625 0.0125 0.01171875 0.0203125
5 0.5890625 0.0328125 0.0140625 0.0265625
2 0.653125 0.30703125 0.0625 0.09453125