6 0.13125 0.6796875 0.26171875 0.640625
2 0.3640625 0.83359375 0.16953125 0.33203125
5 0.6 0.63828125 0.1328125 0.21171875
3 0.48828125 0.37109375 0.11015625 0.28125
5 0.6671875 0.2828125 0.06640625 0.11953125
5 0.5703125 0.33671875 0.07578125 0.1265625
2 0.5828125 0.21171875 0.06640625 0.09609375
4 0.54921875 0.2390625 0.02265625 0.0796875
4 0.6234375 0.15546875 0.02578125 0.06328125
6 0.4984375 0.159375 0.05625 0.19375
7 0.43515625 0.1515625 0.0546875 0.12578125
3 0.428125 0.0359375 0.03984375 0.0703125
2 0.50859375 0.03046875 0.034375 0.04609375
4 0.5703125 0.0734375 0.01484375 0.059375