2 0.5390625 0.459375 0.07578125 0.18359375
4 0.71484375 0.62109375 0.0546875 0.16875
2 0.50234375 0.328125 0.05078125 0.09140625
5 0.5546875 0.290625 0.04453125 0.0734375
5 0.37734375 0.38671875 0.04921875 0.10703125
4 0.43515625 0.2375 0.01328125 0.053125
3 0.40625 0.19609375 0.03203125 0.06015625
4 0.50390625 0.17265625 0.0078125 0.03203125
5 0.43046875 0.18359375 0.0203125 0.03984375
4 0.4546875 0.15390625 0.00703125 0.0265625
4 0.44453125 0.14921875 0.00546875 0.025
2 0.421875 0.1515625 0.01484375 0.025
2 0.43125 0.13984375 0.01328125 0.02109375