3 0.65390625 0.53828125 0.1421875 0.33359375
3 0.65859375 0.31484375 0.09140625 0.14609375
7 0.55859375 0.26171875 0.04375 0.0984375
5 0.55546875 0.184375 0.02109375 0.05859375
5 0.41015625 0.6359375 0.0953125 0.18359375
5 0.8296875 0.7265625 0.14765625 0.26875
4 0.64609375 0.809375 0.07890625 0.19453125
4 0.53125 0.51875 0.03359375 0.11953125
4 0.51171875 0.41640625 0.02890625 0.09375
4 0.509375 0.2546875 0.02109375 0.06328125
4 0.49609375 0.2015625 0.0140625 0.05859375
2 0.45859375 0.39140625 0.06484375 0.11484375