4 0.64296875 0.83359375 0.05234375 0.18515625
4 0.5578125 0.70078125 0.03828125 0.15859375
4 0.6375 0.58984375 0.03203125 0.128125
4 0.67109375 0.37890625 0.040625 0.0984375
4 0.48671875 0.2640625 0.01640625 0.06796875
4 0.56640625 0.14453125 0.01015625 0.04140625
5 0.56328125 0.12421875 0.01640625 0.03671875
5 0.63359375 0.2984375 0.04921875 0.08828125
5 0.584375 0.271875 0.040625 0.08125
5 0.596875 0.20703125 0.03515625 0.059375
5 0.56328125 0.49609375 0.09296875 0.125
3 0.52734375 0.14921875 0.03125 0.0515625
6 0.2828125 0.6140625 0.159375 0.30078125
6 0.4359375 0.10390625 0.034375 0.08671875
6 0.47890625 0.17890625 0.034375 0.0765625
6 0.4828125 0.08515625 0.0234375 0.071875
7 0.4984375 0.12421875 0.03046875 0.06328125
2 0.4640625 0.4109375 0.06171875 0.11953125
2 0.45234375 0.2734375 0.04921875 0.08828125
2 0.40859375 0.21484375 0.03828125 0.06875
2 0.5265625 0.26328125 0.03984375 0.08046875
2 0.55390625 0.1984375 0.04375 0.07421875
7 0.53828125 0.353125 0.05859375 0.153125