4 0.35078125 0.3890625 0.0421875 0.1015625
4 0.58671875 0.225 0.02109375 0.078125
6 0.20390625 0.7078125 0.4078125 0.584375
4 0.471875 0.26328125 0.02890625 0.090625
5 0.5953125 0.31875 0.05703125 0.11953125
4 0.68203125 0.3203125 0.02890625 0.109375
3 0.72734375 0.6359375 0.16953125 0.4859375
2 0.59296875 0.84140625 0.146875 0.31640625
2 0.54453125 0.146875 0.03828125 0.07890625
6 0.61171875 0.10390625 0.04375 0.11484375
2 0.5765625 0.090625 0.0296875 0.06328125
5 0.5140625 0.0828125 0.02734375 0.053125
5 0.4109375 0.16640625 0.03828125 0.07578125
2 0.59296875 0.84296875 0.14453125 0.3140625
4 0.45625 0.53359375 0.0328125 0.1796875
2 0.64921875 0.05 0.01796875 0.03359375
2 0.58828125 0.04765625 0.01875 0.0421875
3 0.6375 0.0296875 0.01796875 0.03203125