7 0.2859375 0.646875 0.16484375 0.3453125
6 0.4515625 0.32890625 0.0625 0.15703125
6 0.5171875 0.18125 0.0453125 0.11875
4 0.40859375 0.82890625 0.05234375 0.2
2 0.52265625 0.61953125 0.11328125 0.275
2 0.528125 0.30390625 0.05078125 0.10234375
2 0.39609375 0.26015625 0.05625 0.0921875
5 0.590625 0.2484375 0.03828125 0.06875
3 0.4578125 0.23125 0.04609375 0.103125
2 0.4296875 0.178125 0.03671875 0.059375
7 0.471875 0.1484375 0.02890625 0.0640625
3 0.45234375 0.1046875 0.01875 0.04375
7 0.4984375 0.046875 0.0109375 0.02421875
3 0.4640625 0.06171875 0.01640625 0.02890625
4 0.528125 0.06875 0.00625 0.0234375
7 0.5546875 0.16328125 0.03828125 0.0578125
5 0.50859375 0.1078125 0.01796875 0.034375
2 0.49921875 0.0703125 0.01328125 0.02265625
5 0.515625 0.0453125 0.009375 0.021875
5 0.490625 0.09453125 0.0171875 0.03515625
2 0.4765625 0.04453125 0.0109375 0.0171875