4 0.1578125 0.75859375 0.08359375 0.24296875
4 0.58828125 0.44296875 0.03359375 0.11875
4 0.41015625 0.3890625 0.02578125 0.0953125
4 0.75234375 0.60703125 0.06796875 0.1890625
4 0.51640625 0.19921875 0.01796875 0.053125
5 0.4921875 0.28125 0.0453125 0.1015625
2 0.4515625 0.2140625 0.040625 0.0765625
2 0.4078125 0.171875 0.03203125 0.05078125
3 0.39296875 0.2796875 0.05078125 0.14609375
5 0.34765625 0.24375 0.03828125 0.07890625
7 0.42734375 0.1015625 0.01875 0.046875
3 0.38828125 0.08828125 0.02578125 0.04140625
3 0.3484375 0.07890625 0.028125 0.034375
4 0.43515625 0.15390625 0.01015625 0.034375
5 0.4078125 0.13359375 0.02109375 0.0390625
4 0.45390625 0.16640625 0.01171875 0.040625
2 0.4640625 0.48046875 0.08203125 0.2234375