6 0.37734375 0.79609375 0.1921875 0.39609375
6 0.4515625 0.23359375 0.07265625 0.21953125
4 0.52109375 0.734375 0.04453125 0.19453125
4 0.8671875 0.58984375 0.06640625 0.18671875
4 0.76015625 0.43984375 0.06171875 0.1484375
4 0.69375 0.40390625 0.05078125 0.13046875
4 0.41171875 0.36015625 0.03203125 0.10703125
4 0.38359375 0.3359375 0.0296875 0.0890625
4 0.578125 0.22421875 0.01953125 0.0828125
4 0.55703125 0.18671875 0.01875 0.07578125
3 0.6734375 0.75703125 0.2015625 0.48515625
3 0.6296875 0.2828125 0.084375 0.16953125
3 0.57109375 0.13984375 0.0453125 0.0984375
3 0.515625 0.1296875 0.034375 0.065625
1 0.4171875 0.06796875 0.04375 0.08828125
3 0.5328125 0.04765625 0.02578125 0.046875
3 0.5078125 0.0734375 0.0265625 0.0421875
2 0.5625 0.35859375 0.06953125 0.12734375
2 0.5375 0.253125 0.059375 0.109375
2 0.3796875 0.2625 0.0546875 0.09609375
2 0.39296875 0.18671875 0.0375 0.06796875
2 0.63046875 0.45390625 0.11015625 0.19296875