4 0.46640625 0.153125 0.01640625 0.07890625
4 0.2515625 0.39140625 0.04375 0.15703125
5 0.3828125 0.06171875 0.03046875 0.06953125
2 0.38203125 0.02890625 0.0390625 0.0578125
2 0.44765625 0.01953125 0.0265625 0.0390625
2 0.4390625 0.06171875 0.03359375 0.08359375
2 0.4203125 0.1890625 0.05234375 0.13984375
2 0.51875 0.42578125 0.07890625 0.24140625
2 0.334375 0.646875 0.140625 0.39140625
5 0.6 0.27421875 0.0671875 0.12578125
5 0.52890625 0.26953125 0.06171875 0.13125
5 0.49609375 0.16953125 0.04140625 0.10703125