5 0.47265625 0.7046875 0.11015625 0.26484375
5 0.65546875 0.57734375 0.08359375 0.203125
5 0.60078125 0.259375 0.04140625 0.0796875
4 0.61015625 0.21484375 0.01875 0.05703125
4 0.66484375 0.37265625 0.03203125 0.09921875
4 0.77265625 0.6890625 0.06328125 0.23671875
4 0.5625 0.50390625 0.0359375 0.14453125
2 0.55078125 0.16640625 0.03046875 0.0609375
0 0.5875 0.36171875 0.021875 0.08125
2 0.45703125 0.27890625 0.0546875 0.10703125
2 0.5125 0.134375 0.0296875 0.05078125
1 0.56640625 0.103125 0.03515625 0.075