2 0.0875 0.871875 0.175 0.253125
2 0.43359375 0.4703125 0.096875 0.24140625
7 0.8359375 0.671875 0.2296875 0.4171875
1 0.284375 0.38515625 0.24609375 0.45859375
5 0.45 0.134375 0.0375 0.071875
4 0.41328125 0.2359375 0.01796875 0.08515625
2 0.5484375 0.08203125 0.02578125 0.05390625
2 0.665625 0.20390625 0.05625 0.103125
2 0.48203125 0.0921875 0.025 0.0453125
3 0.425 0.1078125 0.02734375 0.06171875
4 0.49296875 0.0765625 0.0109375 0.0390625
3 0.528125 0.0328125 0.02421875 0.04921875
2 0.4671875 0.0578125 0.02109375 0.040625