0 0.621875 0.22421875 0.01640625 0.06484375
0 0.71875 0.9078125 0.0625 0.184375
4 0.61640625 0.528125 0.03515625 0.1703125
5 0.565625 0.359375 0.0546875 0.121875
2 0.43828125 0.2234375 0.03984375 0.08828125
0 0.38125 0.25546875 0.02265625 0.07421875
4 0.47890625 0.171875 0.01328125 0.0484375
2 0.52109375 0.15546875 0.0265625 0.0484375
5 0.5921875 0.2640625 0.04296875 0.0859375
2 0.575 0.12578125 0.02421875 0.0390625
5 0.55078125 0.19609375 0.0296875 0.065625
5 0.53046875 0.11328125 0.0203125 0.0359375