5 0.6359375 0.04140625 0.0375 0.08125
5 0.54296875 0.065625 0.040625 0.0703125
5 0.23828125 0.56640625 0.13046875 0.21796875
5 0.61484375 0.909375 0.15390625 0.18125
5 0.65 0.33359375 0.0875 0.16953125
5 0.44140625 0.22421875 0.05859375 0.14296875
7 0.4109375 0.146875 0.07578125 0.13828125
3 0.48203125 0.384375 0.08828125 0.29921875
4 0.4671875 0.09453125 0.0265625 0.07578125
4 0.51796875 0.10625 0.01953125 0.08515625
4 0.62109375 0.0765625 0.02890625 0.08125
4 0.56875 0.278125 0.0359375 0.1109375