6 0.74765625 0.35078125 0.1890625 0.33125
3 0.1078125 0.703125 0.215625 0.59375
2 0.5890625 0.06484375 0.06328125 0.1109375
3 0.35390625 0.0796875 0.071875 0.15703125
4 0.3078125 0.24375 0.04140625 0.13828125
5 0.4390625 0.04609375 0.0515625 0.08984375
0 0.5921875 0.346875 0.03671875 0.1359375
5 0.365625 0.43203125 0.0625 0.21171875
2 0.5578125 0.59375 0.153125 0.403125
2 0.50859375 0.12734375 0.04375 0.11015625
2 0.4234375 0.2671875 0.06015625 0.1671875
2 0.41640625 0.14140625 0.0625 0.11953125
2 0.5 0.03984375 0.0453125 0.078125
7 0.5140625 0.2921875 0.07578125 0.19921875
4 0.665625 0.62421875 0.06328125 0.23828125
4 0.61171875 0.47734375 0.04375 0.14765625
4 0.45078125 0.6171875 0.046875 0.18359375
4 0.25546875 0.7453125 0.0625 0.23125
5 0.34765625 0.646875 0.1203125 0.25390625
5 0.40546875 0.84453125 0.1453125 0.3109375
5 0.7078125 0.87578125 0.134375 0.2484375