0 0.7265625 0.39609375 0.02578125 0.1046875
0 0.47109375 0.12109375 0.009375 0.05546875
4 0.40078125 0.38515625 0.0296875 0.10234375
4 0.45234375 0.3015625 0.02109375 0.09296875
5 0.34921875 0.6109375 0.11328125 0.21953125
5 0.5421875 0.45078125 0.071875 0.15390625
5 0.565625 0.11171875 0.028125 0.05390625
5 0.40390625 0.24296875 0.04921875 0.0890625
5 0.48515625 0.04921875 0.01953125 0.0390625
3 0.45859375 0.08671875 0.03125 0.07109375
2 0.50390625 0.10703125 0.02734375 0.0546875
2 0.521875 0.0671875 0.025 0.0546875
7 0.5125 0.0328125 0.0203125 0.04140625
4 0.53984375 0.0359375 0.00625 0.034375
2 0.59296875 0.2015625 0.03828125 0.08515625