4 0.22265625 0.659375 0.06328125 0.19453125
5 0.43828125 0.57421875 0.096875 0.2265625
2 0.50625 0.3234375 0.06484375 0.1265625
2 0.62578125 0.2265625 0.0390625 0.08515625
7 0.54765625 0.1359375 0.02578125 0.07421875
5 0.56484375 0.17265625 0.03359375 0.05625
2 0.56015625 0.22578125 0.03984375 0.08515625
5 0.68671875 0.4390625 0.06953125 0.153125
3 0.57890625 0.0859375 0.02734375 0.05703125
5 0.52109375 0.109375 0.02421875 0.046875
3 0.5515625 0.07578125 0.02890625 0.0453125
3 0.59765625 0.559375 0.10859375 0.38828125
4 0.49765625 0.23828125 0.021875 0.07578125
4 0.5234375 0.21796875 0.01796875 0.05703125