3 0.66328125 0.44296875 0.10078125 0.23671875
7 0.44375 0.22734375 0.03984375 0.07890625
2 0.93359375 0.73828125 0.01640625 0.0015625
4 0.484375 0.796875 0.0453125 0.22734375
2 0.5859375 0.2296875 0.03828125 0.07734375
5 0.45078125 0.29375 0.04140625 0.08203125
5 0.4765625 0.17421875 0.02265625 0.04609375
2 0.48046875 0.1203125 0.01875 0.034375
4 0.45 0.13671875 0.009375 0.03828125
4 0.46015625 0.12421875 0.0078125 0.0296875
2 0.51484375 0.10078125 0.01328125 0.02734375
7 0.5015625 0.07265625 0.0109375 0.0234375
7 0.51953125 0.08046875 0.0125 0.025
5 0.54375 0.11171875 0.01484375 0.03046875
4 0.4984375 0.10703125 0.00703125 0.0265625