5 0.64296875 0.5015625 0.09140625 0.19296875
5 0.428125 0.8046875 0.13046875 0.29296875
5 0.50625 0.046875 0.02578125 0.03828125
5 0.60703125 0.30703125 0.059375 0.128125
5 0.44921875 0.10234375 0.03515625 0.06171875
7 0.57265625 0.13359375 0.046875 0.11328125
2 0.46015625 0.03671875 0.02578125 0.05
2 0.31171875 0.41171875 0.12890625 0.26484375
2 0.54453125 0.04921875 0.02734375 0.065625
4 0.47890625 0.0515625 0.01484375 0.0546875
4 0.66015625 0.2640625 0.03828125 0.11171875
4 0.62421875 0.21328125 0.03984375 0.084375
4 0.57421875 0.253125 0.02890625 0.096875
6 0.73359375 0.434375 0.15078125 0.22421875