6 0.7015625 0.74453125 0.3453125 0.51015625
3 0.45703125 0.10078125 0.0484375 0.10703125
3 0.44609375 0.04609375 0.034375 0.08125
3 0.37421875 0.71484375 0.1984375 0.5703125
2 0.2453125 0.54375 0.175 0.27578125
2 0.665625 0.4203125 0.1265625 0.1984375
5 0.5921875 0.19609375 0.05 0.0984375
5 0.44375 0.178125 0.04453125 0.08515625
5 0.5234375 0.10859375 0.03515625 0.06171875
4 0.5453125 0.1640625 0.021875 0.06875
4 0.50859375 0.153125 0.01875 0.06484375
4 0.4984375 0.08671875 0.009375 0.0609375
4 0.53046875 0.059375 0.0125 0.0390625
2 0.50625 0.0375 0.02734375 0.05078125