3 0.6484375 0.40625 0.11328125 0.2640625
3 0.5484375 0.13046875 0.03671875 0.08125
2 0.58671875 0.209375 0.05859375 0.1015625
5 0.6453125 0.6578125 0.1203125 0.2234375
5 0.2984375 0.75390625 0.11015625 0.26171875
4 0.5734375 0.45546875 0.03828125 0.14921875
4 0.53203125 0.34140625 0.02109375 0.07890625
4 0.52421875 0.1859375 0.0203125 0.06328125
4 0.6171875 0.20390625 0.02109375 0.05625
4 0.5890625 0.14453125 0.01953125 0.04375
5 0.47734375 0.11171875 0.021875 0.04609375
5 0.4640625 0.06328125 0.01640625 0.03359375