5 0.81484375 0.33125 0.05859375 0.12890625
5 0.4515625 0.47890625 0.07734375 0.16640625
5 0.428125 0.14140625 0.03671875 0.071875
2 0.38671875 0.259375 0.0703125 0.13984375
2 0.5421875 0.065625 0.0265625 0.0390625
2 0.50625 0.0953125 0.02421875 0.05625
3 0.5046875 0.01640625 0.01875 0.0328125
3 0.18984375 0.625 0.23984375 0.4796875
7 0.56484375 0.4796875 0.1125 0.31953125
5 0.6921875 0.7015625 0.109375 0.20859375
5 0.5875 0.8125 0.12265625 0.31171875
5 0.434375 0.6421875 0.0953125 0.21328125
1 0.6015625 0.2234375 0.1640625 0.284375
2 0.5171875 0.31171875 0.05078125 0.15546875