0 0.65390625 0.40859375 0.02421875 0.1015625
7 0.36640625 0.2625 0.05703125 0.1203125
1 0.11484375 0.67265625 0.2296875 0.6546875
4 0.55859375 0.52265625 0.04296875 0.153125
4 0.25859375 0.3640625 0.0203125 0.09453125
4 0.46875 0.16796875 0.01484375 0.05078125
4 0.44921875 0.121875 0.01171875 0.0390625
4 0.4109375 0.178125 0.01015625 0.05
2 0.3078125 0.38359375 0.10078125 0.16171875
2 0.57890625 0.27109375 0.05546875 0.11171875
2 0.42734375 0.20859375 0.0421875 0.08984375
2 0.51796875 0.125 0.02734375 0.04921875
2 0.40390625 0.1453125 0.02578125 0.04375
3 0.75859375 0.6859375 0.20859375 0.44453125
6 0.40859375 0.08671875 0.0375 0.10859375
6 0.47265625 0.065625 0.025 0.06171875