7 0.19453125 0.47421875 0.19609375 0.33984375
4 0.0875 0.52421875 0.0640625 0.1953125
6 0.8203125 0.4671875 0.359375 0.7296875
4 0.64140625 0.5984375 0.0578125 0.2234375
2 0.41328125 0.70859375 0.1421875 0.453125
7 0.4296875 0.32734375 0.09453125 0.253125
4 0.31640625 0.7234375 0.0734375 0.246875
4 0.51484375 0.21015625 0.02421875 0.10234375
4 0.5140625 0.109375 0.01875 0.0796875
4 0.5640625 0.14921875 0.0203125 0.0875
2 0.46171875 0.1734375 0.06015625 0.146875
4 0.30703125 0.23515625 0.03515625 0.10859375
4 0.35390625 0.19609375 0.03671875 0.09375
2 0.475 0.10078125 0.04296875 0.0890625