5 0.471875 0.06328125 0.0125 0.046875
7 0.5109375 0.0921875 0.028125 0.0890625
7 0.53203125 0.12578125 0.03125 0.090625
7 0.521875 0.178125 0.04296875 0.11484375
7 0.5421875 0.2515625 0.06171875 0.13828125
7 0.62265625 0.66484375 0.13984375 0.4359375
1 0.68828125 0.2859375 0.1921875 0.35859375
2 0.4828125 0.75703125 0.1078125 0.4015625
2 0.29375 0.42890625 0.1140625 0.19921875
2 0.36640625 0.22890625 0.05546875 0.1
5 0.47734375 0.45546875 0.07578125 0.1625
2 0.55625 0.3890625 0.07421875 0.15390625
4 0.38359375 0.6625 0.05390625 0.1921875
4 0.72109375 0.71015625 0.071875 0.21171875
5 0.428125 0.2234375 0.04609375 0.09375