0 0.65078125 0.53828125 0.0390625 0.1609375
6 0.42109375 0.4859375 0.12265625 0.42265625
0 0.134375 0.82109375 0.07109375 0.1921875
4 0.19765625 0.8625 0.05859375 0.246875
2 0.2984375 0.48828125 0.11171875 0.21953125
5 0.5515625 0.7078125 0.0953125 0.24375
4 0.7640625 0.57578125 0.05234375 0.12734375
5 0.609375 0.396875 0.06875 0.11875
7 0.5875 0.21796875 0.06328125 0.1625
5 0.5296875 0.3046875 0.04609375 0.103125
4 0.515625 0.4046875 0.0296875 0.09765625
4 0.68828125 0.41171875 0.0375 0.103125
5 0.8953125 0.8890625 0.20859375 0.22109375