0 0.18125 0.69453125 0.07109375 0.17109375
0 0.34140625 0.38125 0.034375 0.11171875
1 0.4453125 0.24921875 0.1078125 0.2640625
3 0.80703125 0.73125 0.22265625 0.5375
5 0.70078125 0.46953125 0.084375 0.16328125
2 0.59375 0.40078125 0.08046875 0.196875
5 0.5828125 0.29140625 0.053125 0.065625
6 0.56953125 0.2328125 0.0390625 0.10078125
3 0.6609375 0.3203125 0.09453125 0.21953125
3 0.60859375 0.17265625 0.04296875 0.1125
5 0.55703125 0.18359375 0.03515625 0.071875
4 0.51328125 0.18828125 0.0140625 0.05703125
5 0.509375 0.12421875 0.0265625 0.0515625
6 0.55703125 0.1421875 0.034375 0.08359375
5 0.4671875 0.10625 0.0234375 0.03203125
5 0.490625 0.09375 0.02265625 0.04296875
4 0.49609375 0.10859375 0.01015625 0.04140625
2 0.45390625 0.08046875 0.01953125 0.03984375
7 0.4953125 0.0640625 0.01796875 0.04140625
5 0.484375 0.06015625 0.01796875 0.03125
6 0.5078125 0.02734375 0.02109375 0.05
5 0.4890625 0.028125 0.0140625 0.028125
2 0.5453125 0.08046875 0.02265625 0.04921875
2 0.55625 0.096875 0.0265625 0.04375
4 0.57734375 0.10546875 0.0125 0.046875
4 0.58671875 0.0828125 0.021875 0.03671875
2 0.57734375 0.06953125 0.02265625 0.04375
6 0.5734375 0.03984375 0.0328125 0.0609375
6 0.5421875 0.0359375 0.02734375 0.07109375
4 0.81171875 0.515625 0.0484375 0.11484375
4 0.765625 0.403125 0.03828125 0.121875
4 0.73125 0.40859375 0.02734375 0.1203125
4 0.71875 0.3359375 0.0296875 0.10390625