5 0.40859375 0.534375 0.05 0.18203125
2 0.63515625 0.6234375 0.12421875 0.23515625
2 0.39921875 0.834375 0.140625 0.33125
5 0.18984375 0.8765625 0.14296875 0.246875
4 0.575 0.3734375 0.01953125 0.07578125
2 0.475 0.29921875 0.03359375 0.06953125
2 0.40078125 0.8375 0.1484375 0.325
2 0.6390625 0.62265625 0.1203125 0.2359375
2 0.478125 0.29765625 0.03359375 0.0640625
4 0.57578125 0.375 0.0203125 0.071875
4 0.43984375 0.3875 0.02421875 0.08828125
5 0.41171875 0.5359375 0.0484375 0.16171875
5 0.18671875 0.8671875 0.1390625 0.265625