3 0.565625 0.334375 0.09453125 0.23515625
3 0.3921875 0.2703125 0.06328125 0.18125
2 0.42734375 0.8140625 0.128125 0.37109375
5 0.321875 0.6 0.1 0.2203125
7 0.4828125 0.0859375 0.03359375 0.06875
7 0.46171875 0.12109375 0.034375 0.07890625
6 0.4046875 0.13671875 0.03828125 0.08515625
5 0.3578125 0.1546875 0.0296875 0.059375
4 0.37421875 0.134375 0.01015625 0.05234375
4 0.42578125 0.09921875 0.00859375 0.04375
2 0.38046875 0.08984375 0.02578125 0.0421875
3 0.378125 0.04921875 0.028125 0.04375
7 0.4046875 0.0484375 0.02421875 0.03515625
4 0.35546875 0.04375 0.00625 0.028125
4 0.2359375 0.4515625 0.0421875 0.1296875