2 0.596875 0.28515625 0.0578125 0.09765625
2 0.7828125 0.7140625 0.1609375 0.25703125
5 0.63203125 0.73671875 0.1125 0.23828125
3 0.49375 0.45703125 0.08671875 0.22421875
3 0.2671875 0.55625 0.19296875 0.3375
5 0.4296875 0.1765625 0.0296875 0.05390625
1 0.47734375 0.1453125 0.04453125 0.12890625
4 0.43515625 0.22734375 0.0125 0.05390625
4 0.52734375 0.234375 0.01484375 0.0546875
4 0.53671875 0.1796875 0.01171875 0.0484375
4 0.534375 0.15546875 0.0109375 0.0421875
4 0.5171875 0.115625 0.00703125 0.03125
4 0.52734375 0.11171875 0.00625 0.03125
4 0.53515625 0.10234375 0.00859375 0.02890625
4 0.50703125 0.08515625 0.00625 0.0265625
4 0.51328125 0.08125 0.00625 0.0265625
4 0.534375 0.08359375 0.00546875 0.0234375
6 0.4828125 0.04296875 0.01484375 0.04296875
7 0.4671875 0.065625 0.0125 0.02890625
2 0.46171875 0.08671875 0.01328125 0.0265625
7 0.45078125 0.12578125 0.01875 0.04453125