3 0.6203125 0.25 0.08359375 0.16484375
7 0.39453125 0.7828125 0.17265625 0.434375
2 0.60703125 0.825 0.1453125 0.35
2 0.4625 0.48046875 0.090625 0.21484375
2 0.509375 0.21171875 0.05 0.1078125
2 0.46796875 0.315625 0.0640625 0.14453125
5 0.2921875 0.60546875 0.096875 0.184375
5 0.2421875 0.88046875 0.11875 0.2390625
4 0.5546875 0.60859375 0.04140625 0.13515625
5 0.6015625 0.4140625 0.0765625 0.1390625
5 0.56171875 0.52265625 0.07421875 0.15625
5 0.40078125 0.27734375 0.05 0.1046875
4 0.51875 0.3890625 0.02890625 0.1015625