4 0.33515625 0.625 0.03671875 0.12890625
4 0.48046875 0.53671875 0.0359375 0.1171875
4 0.54375 0.53984375 0.03046875 0.1203125
4 0.6109375 0.74296875 0.0375 0.15078125
4 0.39453125 0.36953125 0.02109375 0.0765625
4 0.4859375 0.15859375 0.00703125 0.03125
4 0.521875 0.203125 0.0125 0.04296875
4 0.5796875 0.2546875 0.01328125 0.05234375
4 0.53671875 0.125 0.0046875 0.02265625
6 0.496875 0.11171875 0.0125 0.0375
6 0.52109375 0.16796875 0.03046875 0.059375
5 0.503125 0.16015625 0.01640625 0.034375
5 0.503125 0.24375 0.02890625 0.05234375
5 0.4453125 0.3453125 0.04453125 0.0859375
5 0.446875 0.15078125 0.01796875 0.03203125
2 0.471875 0.1375 0.01953125 0.025
2 0.5390625 0.23671875 0.03125 0.04765625
2 0.57578125 0.2140625 0.04765625 0.0421875