4 0.80234375 0.628125 0.06640625 0.1765625
4 0.678125 0.66171875 0.05234375 0.1890625
4 0.684375 0.4265625 0.03203125 0.109375
5 0.60546875 0.46796875 0.07265625 0.1390625
2 0.51328125 0.39765625 0.0625 0.15859375
4 0.44140625 0.42734375 0.02734375 0.0953125
5 0.37734375 0.484375 0.06875 0.13984375
4 0.56328125 0.384375 0.0265625 0.08828125
5 0.5671875 0.31875 0.04453125 0.08984375
5 0.4671875 0.31875 0.04140625 0.084375
4 0.4265625 0.309375 0.0203125 0.0546875
3 0.41796875 0.24453125 0.04140625 0.0953125
7 0.4953125 0.228125 0.03671875 0.0890625
7 0.52734375 0.196875 0.03515625 0.06953125
7 0.48125 0.1703125 0.0296875 0.0515625
3 0.44140625 0.18359375 0.02890625 0.06015625