0 0.7375 0.49375 0.04453125 0.1234375
1 0.43046875 0.5421875 0.22109375 0.69375
2 0.18125 0.83671875 0.24765625 0.3265625
5 0.40703125 0.31640625 0.05390625 0.11953125
5 0.4625 0.1765625 0.03671875 0.07265625
5 0.453125 0.11640625 0.0296875 0.0390625
4 0.47890625 0.12421875 0.0125 0.040625
6 0.534375 0.04765625 0.03046875 0.09140625
3 0.5078125 0.04140625 0.01484375 0.04140625
3 0.62265625 0.146875 0.0296875 0.05078125
4 0.56796875 0.11015625 0.01484375 0.0453125
4 0.603125 0.16328125 0.01171875 0.053125
7 0.5734375 0.065625 0.02109375 0.04375