4 0.4625 0.22578125 0.0203125 0.0703125
7 0.4953125 0.17734375 0.040625 0.096875
1 0.509375 0.05546875 0.04296875 0.0890625
2 0.52734375 0.38203125 0.07109375 0.19921875
4 0.61015625 0.3625 0.0265625 0.1078125
5 0.6640625 0.3359375 0.05625 0.1078125
4 0.609375 0.29140625 0.01953125 0.07421875
3 0.56484375 0.21171875 0.059375 0.153125
5 0.51328125 0.253125 0.0375 0.0734375
4 0.4109375 0.22890625 0.01953125 0.08046875
4 0.47734375 0.115625 0.0125 0.04453125
5 0.4296875 0.64609375 0.09609375 0.23671875
5 0.6171875 0.78828125 0.10078125 0.25859375
4 0.50859375 0.8796875 0.059375 0.23984375