3 0.4625 0.565625 0.08515625 0.23984375
3 0.43046875 0.3765625 0.07109375 0.11953125
3 0.471875 0.25390625 0.03046875 0.05
5 0.80546875 0.72265625 0.12265625 0.19375
5 0.6078125 0.384375 0.04921875 0.08828125
5 0.575 0.2671875 0.02265625 0.046875
4 0.47578125 0.2921875 0.01328125 0.04375
4 0.56484375 0.2828125 0.01171875 0.0453125
4 0.54453125 0.5296875 0.02421875 0.08515625
4 0.58515625 0.76953125 0.04609375 0.15390625
4 0.51875 0.89296875 0.0453125 0.16875
5 0.6109375 0.31328125 0.021875 0.06015625
5 0.628125 0.340625 0.02578125 0.06796875
2 0.61796875 0.49609375 0.0609375 0.1234375
7 0.34609375 0.59140625 0.13203125 0.24140625