6 0.509375 0.17109375 0.03515625 0.115625
7 0.39375 0.234375 0.0515625 0.0984375
3 0.30859375 0.69140625 0.21484375 0.425
2 0.478125 0.84921875 0.13046875 0.30078125
4 0.7671875 0.6546875 0.05234375 0.15
2 0.52890625 0.4046875 0.0703125 0.15078125
2 0.51875 0.27265625 0.046875 0.09453125
4 0.446875 0.30703125 0.0203125 0.08125
5 0.56875 0.20546875 0.03203125 0.06015625
6 0.453125 0.2296875 0.0421875 0.10234375
3 0.46171875 0.17578125 0.03828125 0.08984375
2 0.428125 0.15859375 0.03359375 0.05859375
2 0.44765625 0.12265625 0.028125 0.040625
7 0.47265625 0.1015625 0.0203125 0.04609375
3 0.453125 0.07109375 0.015625 0.034375
7 0.5515625 0.159375 0.0453125 0.05703125
7 0.546875 0.1265625 0.06015625 0.0609375
5 0.49375 0.0875 0.015625 0.03359375