0 0.5625 0.24375 0.02890625 0.09609375
5 0.65234375 0.38671875 0.07890625 0.1609375
5 0.33359375 0.628125 0.09609375 0.2453125
5 0.3359375 0.3609375 0.07421875 0.16171875
5 0.4421875 0.078125 0.0328125 0.046875
5 0.534375 0.015625 0.01953125 0.0296875
4 0.3828125 0.22890625 0.03203125 0.09296875
4 0.39375 0.165625 0.0171875 0.06484375
4 0.5078125 0.08359375 0.01484375 0.059375
4 0.46953125 0.08671875 0.01796875 0.0546875
4 0.43125 0.1078125 0.01484375 0.05859375
4 0.48125 0.0265625 0.01328125 0.04375
4 0.20390625 0.58984375 0.08046875 0.1796875
2 0.4578125 0.14921875 0.0421875 0.08046875
2 0.56796875 0.13984375 0.04921875 0.08515625
2 0.46796875 0.05 0.0296875 0.0390625
2 0.45234375 0.03046875 0.02578125 0.040625
4 0.55859375 0.0796875 0.01953125 0.04609375
5 0.034375 0.51640625 0.06796875 0.19140625