2 0.11171875 0.48125 0.2125 0.33671875
2 0.80234375 0.59375 0.17890625 0.35703125
2 0.6796875 0.20703125 0.11015625 0.234375
2 0.40703125 0.45703125 0.11171875 0.32421875
4 0.2578125 0.1265625 0.0296875 0.125
4 0.6 0.11015625 0.0296875 0.0890625
4 0.60859375 0.25 0.0296875 0.10390625
5 0.5671875 0.63828125 0.1171875 0.29296875
5 0.53671875 0.24375 0.07578125 0.15625
5 0.446875 0.21328125 0.0671875 0.14453125
5 0.4484375 0.0875 0.05703125 0.11015625
5 0.51484375 0.046875 0.05390625 0.09140625
5 0.5078125 0.11015625 0.03671875 0.1390625
5 0.7609375 0.23203125 0.03828125 0.12421875
5 0.31015625 0.16015625 0.07265625 0.1390625
5 0.8796875 0.371875 0.1109375 0.15078125