0 0.60390625 0.1515625 0.01484375 0.06640625
3 0.578125 0.09296875 0.03359375 0.09921875
6 0.65390625 0.1375 0.06875 0.1546875
5 0.4515625 0.6328125 0.0859375 0.215625
5 0.66328125 0.5921875 0.10859375 0.21328125
5 0.5046875 0.10546875 0.02734375 0.06328125
5 0.559375 0.15703125 0.0375 0.07734375
4 0.46171875 0.03671875 0.009375 0.04296875
4 0.70390625 0.4125 0.0453125 0.153125
2 0.42109375 0.1734375 0.05234375 0.09296875
2 0.5609375 0.0328125 0.02265625 0.04140625
2 0.50078125 0.046875 0.0265625 0.05234375