0 0.2734375 0.39609375 0.02578125 0.1046875
0 0.52890625 0.12109375 0.009375 0.05546875
4 0.59921875 0.38515625 0.0296875 0.10234375
4 0.54765625 0.3015625 0.02109375 0.09296875
5 0.65078125 0.6109375 0.11328125 0.21953125
5 0.4578125 0.45078125 0.071875 0.15390625
5 0.434375 0.11171875 0.028125 0.05390625
5 0.59609375 0.24296875 0.04921875 0.0890625
5 0.51484375 0.04921875 0.01953125 0.0390625
3 0.54140625 0.08671875 0.03125 0.07109375
2 0.49609375 0.10703125 0.02734375 0.0546875
2 0.478125 0.0671875 0.025 0.0546875
7 0.4875 0.0328125 0.0203125 0.04140625
4 0.46015625 0.0359375 0.00625 0.034375
2 0.40703125 0.2015625 0.03828125 0.08515625