2 0.44140625 0.63984375 0.125 0.340625
4 0.35390625 0.5828125 0.05390625 0.19140625
4 0.36328125 0.2921875 0.02578125 0.0953125
4 0.47734375 0.34921875 0.02734375 0.1
2 0.53203125 0.35859375 0.05859375 0.14375
5 0.57265625 0.2921875 0.04609375 0.10625
2 0.659375 0.415625 0.08515625 0.16953125
7 0.540625 0.21015625 0.04296875 0.10390625
3 0.47265625 0.13046875 0.04609375 0.0859375
3 0.54296875 0.0828125 0.03515625 0.05859375
3 0.5515625 0.1234375 0.03671875 0.08046875
4 0.43359375 0.18359375 0.021875 0.05703125
5 0.47578125 0.21171875 0.04296875 0.08203125
5 0.6078125 0.07265625 0.01953125 0.04140625