1 0.3515625 0.12421875 0.15 0.2484375
4 0.07734375 0.64140625 0.09765625 0.2484375
4 0.3203125 0.6359375 0.06328125 0.1921875
4 0.62109375 0.503125 0.0453125 0.1765625
4 0.546875 0.56953125 0.0703125 0.18828125
4 0.49765625 0.89140625 0.05625 0.2171875
4 0.4703125 0.75234375 0.07734375 0.27734375
5 0.38984375 0.734375 0.12109375 0.27734375
5 0.4609375 0.22265625 0.075 0.1296875
2 0.509375 0.38515625 0.090625 0.29296875
2 0.7453125 0.42265625 0.15078125 0.315625
2 0.54296875 0.19296875 0.059375 0.153125
2 0.509375 0.05546875 0.04375 0.10546875
5 0.2875 0.453125 0.10234375 0.24296875