6 0.609375 0.7109375 0.15390625 0.546875
7 0.57109375 0.3640625 0.0859375 0.1703125
7 0.53515625 0.17890625 0.02890625 0.0734375
7 0.4828125 0.13828125 0.02265625 0.05625
7 0.515625 0.1234375 0.01953125 0.04609375
5 0.4625 0.675 0.103125 0.2296875
5 0.6671875 0.4140625 0.05859375 0.1328125
5 0.47890625 0.43828125 0.059375 0.10703125
4 0.496875 0.50390625 0.0296875 0.09453125
2 0.28046875 0.4 0.1109375 0.10234375
4 0.59296875 0.234375 0.021875 0.06953125
4 0.63359375 0.31875 0.01796875 0.07578125
4 0.48046875 0.3296875 0.02265625 0.075
2 0.421875 0.3421875 0.0671875 0.12421875
2 0.4546875 0.16796875 0.0328125 0.06640625
2 0.5421875 0.240625 0.040625 0.08359375