5 0.2625 0.509375 0.09609375 0.20859375
5 0.34609375 0.29296875 0.05859375 0.11953125
5 0.428125 0.209375 0.0515625 0.1
3 0.83515625 0.834375 0.32890625 0.33046875
7 0.65390625 0.37578125 0.12109375 0.21640625
5 0.63046875 0.24296875 0.05390625 0.0890625
4 0.51015625 0.29140625 0.02578125 0.0890625
4 0.4921875 0.478125 0.03046875 0.12890625
4 0.3984375 0.15390625 0.01484375 0.05703125
2 0.440625 0.15078125 0.04375 0.06328125
2 0.57421875 0.1640625 0.04375 0.08046875
6 0.5140625 0.1265625 0.05390625 0.165625