2 0.40234375 0.496875 0.1203125 0.2234375
6 0.45234375 0.7453125 0.30390625 0.509375
2 0.56484375 0.35390625 0.06640625 0.13984375
0 0.625 0.42421875 0.02734375 0.1203125
4 0.53984375 0.296875 0.0203125 0.07734375
5 0.48125 0.31328125 0.0484375 0.096875
5 0.58828125 0.24921875 0.04375 0.075
3 0.59453125 0.171875 0.034375 0.07421875
5 0.51484375 0.23515625 0.034375 0.0609375
5 0.52578125 0.20546875 0.028125 0.05703125
2 0.55 0.178125 0.03515625 0.05078125
2 0.6515625 0.1859375 0.03203125 0.05
2 0.671875 0.11875 0.02578125 0.04375
5 0.69140625 0.140625 0.02265625 0.03984375
5 0.6375 0.1140625 0.01953125 0.0375
2 0.60625 0.13203125 0.02265625 0.034375
1 0.6078125 0.0890625 0.0296875 0.078125