2 0.403125 0.28515625 0.0578125 0.09765625
2 0.2171875 0.7140625 0.1609375 0.25703125
5 0.36796875 0.73671875 0.1125 0.23828125
3 0.50625 0.45703125 0.08671875 0.22421875
3 0.7328125 0.55625 0.19296875 0.3375
5 0.5703125 0.1765625 0.0296875 0.05390625
1 0.52265625 0.1453125 0.04453125 0.12890625
4 0.56484375 0.22734375 0.0125 0.05390625
4 0.47265625 0.234375 0.01484375 0.0546875
4 0.46328125 0.1796875 0.01171875 0.0484375
4 0.465625 0.15546875 0.0109375 0.0421875
4 0.4828125 0.115625 0.00703125 0.03125
4 0.47265625 0.11171875 0.00625 0.03125
4 0.46484375 0.10234375 0.00859375 0.02890625
4 0.49296875 0.08515625 0.00625 0.0265625
4 0.48671875 0.08125 0.00625 0.0265625
4 0.465625 0.08359375 0.00546875 0.0234375
6 0.5171875 0.04296875 0.01484375 0.04296875
7 0.5328125 0.065625 0.0125 0.02890625
2 0.53828125 0.08671875 0.01328125 0.0265625
7 0.54921875 0.12578125 0.01875 0.04453125