0 0.4375 0.24375 0.02890625 0.09609375
5 0.34765625 0.38671875 0.07890625 0.1609375
5 0.66640625 0.628125 0.09609375 0.2453125
5 0.6640625 0.3609375 0.07421875 0.16171875
5 0.5578125 0.078125 0.0328125 0.046875
5 0.465625 0.015625 0.01953125 0.0296875
4 0.6171875 0.22890625 0.03203125 0.09296875
4 0.60625 0.165625 0.0171875 0.06484375
4 0.4921875 0.08359375 0.01484375 0.059375
4 0.53046875 0.08671875 0.01796875 0.0546875
4 0.56875 0.1078125 0.01484375 0.05859375
4 0.51875 0.0265625 0.01328125 0.04375
4 0.79609375 0.58984375 0.08046875 0.1796875
2 0.5421875 0.14921875 0.0421875 0.08046875
2 0.43203125 0.13984375 0.04921875 0.08515625
2 0.53203125 0.05 0.0296875 0.0390625
2 0.54765625 0.03046875 0.02578125 0.040625
4 0.44140625 0.0796875 0.01953125 0.04609375
5 0.965625 0.51640625 0.06796875 0.19140625