4 0.5375 0.22578125 0.0203125 0.0703125
7 0.5046875 0.17734375 0.040625 0.096875
1 0.490625 0.05546875 0.04296875 0.0890625
2 0.47265625 0.38203125 0.07109375 0.19921875
4 0.38984375 0.3625 0.0265625 0.1078125
5 0.3359375 0.3359375 0.05625 0.1078125
4 0.390625 0.29140625 0.01953125 0.07421875
3 0.43515625 0.21171875 0.059375 0.153125
5 0.48671875 0.253125 0.0375 0.0734375
4 0.5890625 0.22890625 0.01953125 0.08046875
4 0.52265625 0.115625 0.0125 0.04453125
5 0.5703125 0.64609375 0.09609375 0.23671875
5 0.3828125 0.78828125 0.10078125 0.25859375
4 0.49140625 0.8796875 0.059375 0.23984375