4 0.4484375 0.09375 0.02265625 0.0796875
4 0.4640625 0.11328125 0.015625 0.084375
2 0.43515625 0.053125 0.06015625 0.09453125
3 0.646875 0.103125 0.08515625 0.20390625
4 0.43984375 0.14453125 0.03125 0.10078125
2 0.4875 0.18671875 0.06015625 0.14453125
2 0.5234375 0.39296875 0.0953125 0.2984375
3 0.87109375 0.61875 0.2578125 0.5921875
4 0.70390625 0.08046875 0.02734375 0.0953125
4 0.75703125 0.1703125 0.0375 0.115625
4 0.80546875 0.2859375 0.05078125 0.13671875
2 0.521875 0.0546875 0.05 0.109375