6 0.22734375 0.51328125 0.2484375 0.41875
2 0.39765625 0.553125 0.13828125 0.375
3 0.625 0.20546875 0.07578125 0.17109375
5 0.54140625 0.30390625 0.06171875 0.128125
2 0.4546875 0.33046875 0.07265625 0.15703125
2 0.4796875 0.19375 0.05078125 0.12109375
4 0.346875 0.20390625 0.0234375 0.09296875
4 0.31171875 0.2625 0.02578125 0.103125
5 0.5234375 0.0484375 0.0296875 0.06171875
4 0.47265625 0.85546875 0.0734375 0.26796875
4 0.51171875 0.48203125 0.03984375 0.14921875
4 0.56640625 0.0921875 0.025 0.0703125
4 0.38984375 0.1390625 0.01640625 0.08046875
4 0.44609375 0.06171875 0.0171875 0.04609375
4 0.43125 0.10625 0.0171875 0.05546875
4 0.4 0.06875 0.015625 0.046875