7 0.41953125 0.2765625 0.075 0.1703125
7 0.50859375 0.290625 0.06015625 0.1609375
4 0.55390625 0.24140625 0.021875 0.07109375
4 0.6484375 0.240625 0.0234375 0.07421875
5 0.68359375 0.2984375 0.046875 0.0984375
3 0.6578125 0.490625 0.128125 0.36953125
6 0.60390625 0.23515625 0.05390625 0.13359375
3 0.17734375 0.78515625 0.3546875 0.4296875
3 0.60625 0.0921875 0.02734375 0.0546875
2 0.5703125 0.1078125 0.02734375 0.0484375
4 0.65078125 0.09765625 0.0078125 0.03515625
4 0.63359375 0.0953125 0.009375 0.03828125
6 0.5859375 0.05546875 0.03515625 0.06875