7 0.2984375 0.39296875 0.065625 0.13828125
3 0.296875 0.56796875 0.10703125 0.26171875
3 0.540625 0.81015625 0.13671875 0.3796875
6 0.434375 0.38828125 0.04921875 0.11015625
6 0.60703125 0.53203125 0.1078125 0.21171875
2 0.39609375 0.63671875 0.0859375 0.2125
2 0.4984375 0.43125 0.0421875 0.08515625
2 0.56015625 0.4109375 0.05078125 0.0828125
2 0.50390625 0.33828125 0.0375 0.06484375
5 0.375 0.39609375 0.04140625 0.09140625
4 0.49453125 0.509375 0.0234375 0.0796875
3 0.36875 0.275 0.03828125 0.07734375
2 0.44375 0.284375 0.0265625 0.05546875