6 0.33125 0.665625 0.22578125 0.57890625
4 0.1703125 0.8265625 0.09140625 0.24453125
5 0.7890625 0.5984375 0.1328125 0.2421875
5 0.69921875 0.1875 0.0578125 0.096875
5 0.56015625 0.31640625 0.06328125 0.12421875
5 0.553125 0.071875 0.028125 0.04921875
4 0.575 0.14375 0.015625 0.06015625
4 0.49609375 0.31953125 0.02578125 0.09921875
4 0.62109375 0.359375 0.03515625 0.11171875
2 0.5921875 0.54609375 0.090625 0.20390625
2 0.5203125 0.1984375 0.04765625 0.090625
2 0.61015625 0.23125 0.05625 0.09765625
2 0.665625 0.1203125 0.05 0.07734375
1 0.41484375 0.22890625 0.134375 0.2765625