1 0.63125 0.25234375 0.14609375 0.31484375
4 0.334375 0.68203125 0.06015625 0.21796875
3 0.4453125 0.27734375 0.065625 0.18828125
3 0.4703125 0.0625 0.02421875 0.06640625
3 0.43984375 0.06875 0.02734375 0.06640625
3 0.44296875 0.02265625 0.021875 0.03671875
7 0.2953125 0.26484375 0.10546875 0.153125
7 0.415625 0.115625 0.0421875 0.0921875
4 0.52265625 0.02265625 0.00859375 0.03359375
4 0.48359375 0.0421875 0.0078125 0.03671875
2 0.55859375 0.134375 0.03203125 0.0609375
2 0.51953125 0.09921875 0.028125 0.0484375
2 0.509375 0.05625 0.025 0.04375
2 0.5359375 0.04296875 0.01953125 0.0375
2 0.50703125 0.025 0.02109375 0.0375
2 0.4046875 0.20078125 0.0421875 0.07890625
2 0.3734375 0.13671875 0.03828125 0.06171875
7 0.40078125 0.07109375 0.03125 0.05234375