2 0.55390625 0.84140625 0.15390625 0.31640625
4 0.253125 0.796875 0.08515625 0.26328125
4 0.45546875 0.5234375 0.03671875 0.1234375
4 0.3921875 0.5078125 0.02734375 0.11015625
4 0.4296875 0.3640625 0.02578125 0.06875
5 0.421875 0.2859375 0.03359375 0.06640625
5 0.48359375 0.253125 0.0296875 0.0515625
4 0.48984375 0.221875 0.01171875 0.03203125
4 0.44140625 0.23671875 0.01484375 0.046875
4 0.51875 0.20546875 0.01328125 0.0359375
3 0.54375 0.25390625 0.03359375 0.0796875
3 0.55234375 0.19296875 0.02265625 0.046875
5 0.88046875 0.765625 0.1359375 0.2703125