2 0.44609375 0.84140625 0.15390625 0.31640625
4 0.746875 0.796875 0.08515625 0.26328125
4 0.54453125 0.5234375 0.03671875 0.1234375
4 0.6078125 0.5078125 0.02734375 0.11015625
4 0.5703125 0.3640625 0.02578125 0.06875
5 0.578125 0.2859375 0.03359375 0.06640625
5 0.51640625 0.253125 0.0296875 0.0515625
4 0.51015625 0.221875 0.01171875 0.03203125
4 0.55859375 0.23671875 0.01484375 0.046875
4 0.48125 0.20546875 0.01328125 0.0359375
3 0.45625 0.25390625 0.03359375 0.0796875
3 0.44765625 0.19296875 0.02265625 0.046875
5 0.11953125 0.765625 0.1359375 0.2703125