6 0.4453125 0.40234375 0.128125 0.48046875
3 0.1140625 0.80234375 0.22734375 0.3953125
4 0.70859375 0.521875 0.05625 0.15703125
4 0.54921875 0.26171875 0.0359375 0.13359375
2 0.62578125 0.2421875 0.10625 0.1765625
4 0.76796875 0.37421875 0.05703125 0.1484375
6 0.4921875 0.07890625 0.0640625 0.14453125
5 0.30390625 0.16640625 0.08203125 0.1453125
6 0.4921875 0.08203125 0.06328125 0.14609375
5 0.30625 0.16328125 0.084375 0.14296875
4 0.5515625 0.26328125 0.03125 0.13125
2 0.62421875 0.2390625 0.10546875 0.184375
6 0.44453125 0.39609375 0.12421875 0.478125
3 0.11484375 0.80234375 0.2296875 0.390625