6 0.5375 0.15703125 0.04453125 0.1234375
5 0.5296875 0.2453125 0.03203125 0.1015625
4 0.7125 0.64375 0.0640625 0.165625
4 0.57734375 0.18203125 0.0125 0.0609375
4 0.3921875 0.25078125 0.02109375 0.08203125
4 0.415625 0.21015625 0.0171875 0.0625
5 0.29609375 0.49375 0.075 0.16015625
2 0.43203125 0.2875 0.06015625 0.1296875
3 0.4765625 0.15625 0.0359375 0.1046875
2 0.43515625 0.13359375 0.0296875 0.0484375
5 0.44375 0.09609375 0.0171875 0.03984375
6 0.48125 0.078125 0.03046875 0.0734375
6 0.52109375 0.075 0.040625 0.06875