6 0.796875 0.43671875 0.1859375 0.3265625
6 0.678125 0.24921875 0.10078125 0.23203125
7 0.53046875 0.10703125 0.03359375 0.0765625
7 0.4359375 0.4734375 0.09140625 0.265625
7 0.596875 0.74453125 0.1703125 0.47890625
2 0.41640625 0.81015625 0.1359375 0.365625
2 0.55390625 0.45703125 0.084375 0.1734375
2 0.54609375 0.3140625 0.0671875 0.140625
2 0.55546875 0.203125 0.04296875 0.10859375
2 0.46015625 0.2609375 0.05546875 0.13671875
2 0.38828125 0.1796875 0.04765625 0.0765625
4 0.66953125 0.60546875 0.0546875 0.20078125
5 0.765625 0.853125 0.12890625 0.29375