7 0.68046875 0.43125 0.09375 0.18671875
3 0.3796875 0.340625 0.06953125 0.1453125
6 0.47109375 0.34609375 0.05546875 0.1890625
3 0.5484375 0.146875 0.02109375 0.0484375
5 0.4359375 0.3359375 0.0328125 0.0765625
2 0.44453125 0.4765625 0.065625 0.1453125
5 0.5421875 0.39375 0.05 0.11640625
2 0.4359375 0.6640625 0.10625 0.25234375
2 0.28046875 0.6390625 0.13984375 0.3140625
5 0.5484375 0.2234375 0.02890625 0.0578125
4 0.2328125 0.55234375 0.04765625 0.13359375
2 0.4390625 0.25390625 0.04453125 0.065625
2 0.4828125 0.178125 0.02421875 0.05