2 0.8125 0.615625 0.2234375 0.41015625
2 0.31640625 0.37578125 0.10859375 0.22109375
2 0.4375 0.70390625 0.12109375 0.39453125
2 0.4546875 0.06328125 0.0390625 0.0765625
2 0.38359375 0.1859375 0.05625 0.09453125
6 0.6 0.4484375 0.11640625 0.2609375
6 0.5953125 0.1046875 0.0625 0.14609375
5 0.46640625 0.2421875 0.05859375 0.1234375
5 0.49296875 0.0125 0.0203125 0.0234375
5 0.4578125 0.01875 0.0234375 0.0359375
5 0.06484375 0.853125 0.12890625 0.29375
4 0.54453125 0.09140625 0.02421875 0.0640625
4 0.54140625 0.146875 0.02578125 0.06171875
4 0.553125 0.2078125 0.02421875 0.08984375
5 0.40625 0.11328125 0.03515625 0.0765625