6 0.8203125 0.7796875 0.359375 0.440625
7 0.49921875 0.3828125 0.09296875 0.19609375
2 0.49140625 0.20703125 0.06484375 0.10703125
2 0.36953125 0.12578125 0.05546875 0.07421875
5 0.31015625 0.86171875 0.1375 0.2765625
5 0.60703125 0.2953125 0.06953125 0.11796875
5 0.3921875 0.23046875 0.05390625 0.103125
5 0.41328125 0.14453125 0.0375 0.08671875
5 0.42109375 0.08828125 0.02734375 0.05390625
5 0.4125 0.06171875 0.0265625 0.04765625
2 0.5203125 0.09453125 0.0359375 0.059375
6 0.48984375 0.02734375 0.03125 0.05390625
2 0.4578125 0.02109375 0.02265625 0.040625
2 0.36015625 0.45 0.10390625 0.19140625
4 0.225 0.5984375 0.0671875 0.19140625