5 0.528125 0.06328125 0.0125 0.046875
7 0.4890625 0.0921875 0.028125 0.0890625
7 0.46796875 0.12578125 0.03125 0.090625
7 0.478125 0.178125 0.04296875 0.11484375
7 0.4578125 0.2515625 0.06171875 0.13828125
7 0.37734375 0.66484375 0.13984375 0.4359375
1 0.31171875 0.2859375 0.1921875 0.35859375
2 0.5171875 0.75703125 0.1078125 0.4015625
2 0.70625 0.42890625 0.1140625 0.19921875
2 0.63359375 0.22890625 0.05546875 0.1
5 0.52265625 0.45546875 0.07578125 0.1625
2 0.44375 0.3890625 0.07421875 0.15390625
4 0.61640625 0.6625 0.05390625 0.1921875
4 0.27890625 0.71015625 0.071875 0.21171875
5 0.571875 0.2234375 0.04609375 0.09375