3 0.63828125 0.5421875 0.10703125 0.16953125
3 0.35703125 0.6875 0.13359375 0.43984375
3 0.5484375 0.16875 0.0296875 0.06484375
3 0.51484375 0.146875 0.028125 0.05546875
3 0.49609375 0.11796875 0.02265625 0.05
2 0.478125 0.15390625 0.01953125 0.05
2 0.33125 0.42578125 0.10859375 0.1484375
7 0.4359375 0.37890625 0.078125 0.18515625
6 0.575 0.28671875 0.078125 0.16328125
6 0.471875 0.25234375 0.046875 0.1546875
5 0.52265625 0.38828125 0.059375 0.10703125
5 0.521875 0.20078125 0.03203125 0.0609375
4 0.53515625 0.23984375 0.01640625 0.0609375
5 0.43125 0.24140625 0.02578125 0.06640625
5 0.5796875 0.1875 0.02421875 0.05078125