2 0.421875 0.2046875 0.04375 0.08359375
5 0.3703125 0.4390625 0.0703125 0.15390625
5 0.5375 0.140625 0.03046875 0.0640625
5 0.42890625 0.52578125 0.07578125 0.16484375
2 0.5203125 0.46484375 0.03046875 0.1296875
2 0.48515625 0.29921875 0.059375 0.1546875
5 0.60234375 0.72421875 0.10234375 0.25703125
5 0.35078125 0.2296875 0.03984375 0.084375
5 0.4609375 0.103125 0.0265625 0.05625
5 0.48984375 0.11640625 0.0296875 0.0484375
7 0.5203125 0.04765625 0.02421875 0.0625
4 0.6015625 0.16953125 0.02578125 0.07578125
4 0.58671875 0.40546875 0.0296875 0.109375
5 0.49765625 0.19375 0.034375 0.05859375