4 0.54765625 0.2859375 0.021875 0.075
4 0.8265625 0.59140625 0.0578125 0.165625
4 0.74609375 0.53125 0.04453125 0.13828125
4 0.68203125 0.44765625 0.0390625 0.125
4 0.64609375 0.309375 0.025 0.08125
4 0.61328125 0.409375 0.02578125 0.09140625
4 0.5421875 0.5359375 0.04296875 0.13828125
5 0.58046875 0.253125 0.03359375 0.06953125
5 0.68203125 0.640625 0.12109375 0.2265625
5 0.46953125 0.33828125 0.0390625 0.09921875
6 0.5421875 0.184375 0.03359375 0.05078125
3 0.465625 0.23671875 0.03515625 0.0890625
3 0.4234375 0.48359375 0.084375 0.2609375