0 0.6296875 0.421875 0.028125 0.1140625
0 0.64609375 0.64609375 0.0328125 0.16953125
4 0.55078125 0.54375 0.0375 0.15078125
4 0.43125 0.75703125 0.0328125 0.178125
4 0.48515625 0.41171875 0.028125 0.1078125
4 0.55390625 0.3265625 0.0296875 0.0859375
4 0.521875 0.28046875 0.015625 0.06484375
5 0.4609375 0.2015625 0.03515625 0.0671875
4 0.4078125 0.21171875 0.01640625 0.059375
4 0.5203125 0.1875 0.01640625 0.046875
7 0.521875 0.1453125 0.02734375 0.0484375
4 0.55078125 0.22734375 0.015625 0.059375