7 0.4 0.22421875 0.0546875 0.09921875
3 0.6640625 0.4828125 0.153125 0.34375
3 0.5046875 0.25625 0.05625 0.15859375
2 0.24765625 0.60234375 0.15078125 0.225
5 0.5671875 0.22578125 0.03984375 0.0875
4 0.32109375 0.28984375 0.01875 0.08515625
3 0.421875 0.07109375 0.0234375 0.05703125
2 0.525 0.1609375 0.0359375 0.06484375
2 0.43203125 0.02421875 0.0140625 0.025
5 0.4078125 0.0484375 0.015625 0.0328125
5 0.5125 0.096875 0.021875 0.05
5 0.49609375 0.05078125 0.01640625 0.0328125
5 0.5515625 0.109375 0.025 0.05234375
1 0.4734375 0.1046875 0.053125 0.146875