6 0.203125 0.43671875 0.1859375 0.3265625
6 0.321875 0.24921875 0.10078125 0.23203125
7 0.46953125 0.10703125 0.03359375 0.0765625
7 0.5640625 0.4734375 0.09140625 0.265625
7 0.403125 0.74453125 0.1703125 0.47890625
2 0.58359375 0.81015625 0.1359375 0.365625
2 0.44609375 0.45703125 0.084375 0.1734375
2 0.45390625 0.3140625 0.0671875 0.140625
2 0.44453125 0.203125 0.04296875 0.10859375
2 0.53984375 0.2609375 0.05546875 0.13671875
2 0.61171875 0.1796875 0.04765625 0.0765625
4 0.33046875 0.60546875 0.0546875 0.20078125
5 0.234375 0.853125 0.12890625 0.29375