6 0.5546875 0.40234375 0.128125 0.48046875
3 0.8859375 0.80234375 0.22734375 0.3953125
4 0.29140625 0.521875 0.05625 0.15703125
4 0.45078125 0.26171875 0.0359375 0.13359375
2 0.37421875 0.2421875 0.10625 0.1765625
4 0.23203125 0.37421875 0.05703125 0.1484375
6 0.5078125 0.07890625 0.0640625 0.14453125
5 0.69609375 0.16640625 0.08203125 0.1453125
6 0.5078125 0.08203125 0.06328125 0.14609375
5 0.69375 0.16328125 0.084375 0.14296875
4 0.4484375 0.26328125 0.03125 0.13125
2 0.37578125 0.2390625 0.10546875 0.184375
6 0.55546875 0.39609375 0.12421875 0.478125
3 0.88515625 0.80234375 0.2296875 0.390625