6 0.62265625 0.79609375 0.1921875 0.39609375
6 0.5484375 0.23359375 0.07265625 0.21953125
4 0.47890625 0.734375 0.04453125 0.19453125
4 0.1328125 0.58984375 0.06640625 0.18671875
4 0.23984375 0.43984375 0.06171875 0.1484375
4 0.30625 0.40390625 0.05078125 0.13046875
4 0.58828125 0.36015625 0.03203125 0.10703125
4 0.61640625 0.3359375 0.0296875 0.0890625
4 0.421875 0.22421875 0.01953125 0.0828125
4 0.44296875 0.18671875 0.01875 0.07578125
3 0.3265625 0.75703125 0.2015625 0.48515625
3 0.3703125 0.2828125 0.084375 0.16953125
3 0.42890625 0.13984375 0.0453125 0.0984375
3 0.484375 0.1296875 0.034375 0.065625
1 0.5828125 0.06796875 0.04375 0.08828125
3 0.4671875 0.04765625 0.02578125 0.046875
3 0.4921875 0.0734375 0.0265625 0.0421875
2 0.4375 0.35859375 0.06953125 0.12734375
2 0.4625 0.253125 0.059375 0.109375
2 0.6203125 0.2625 0.0546875 0.09609375
2 0.60703125 0.18671875 0.0375 0.06796875
2 0.36953125 0.45390625 0.11015625 0.19296875