6 0.78671875 0.5765625 0.20390625 0.33515625
6 0.48828125 0.0765625 0.0375 0.11875
4 0.428125 0.49296875 0.05390625 0.1640625
4 0.58671875 0.090625 0.01796875 0.06875
5 0.62578125 0.1 0.0328125 0.08125
5 0.5171875 0.0625 0.02421875 0.06953125
5 0.46953125 0.0484375 0.01953125 0.05859375
3 0.61015625 0.18125 0.071875 0.14296875
2 0.30703125 0.44296875 0.13046875 0.2109375
2 0.440625 0.15546875 0.05078125 0.08671875
7 0.5484375 0.07109375 0.02890625 0.07890625
5 0.06015625 0.49296875 0.10625 0.1984375