7 0.3015625 0.3984375 0.1046875 0.2140625
7 0.72734375 0.57890625 0.18984375 0.38984375
5 0.4265625 0.815625 0.121875 0.3203125
5 0.425 0.35546875 0.06484375 0.14375
5 0.42109375 0.18515625 0.04765625 0.09296875
5 0.5734375 0.140625 0.03984375 0.07109375
5 0.46484375 0.0453125 0.02421875 0.05
4 0.415625 0.09453125 0.01796875 0.05078125
4 0.43125 0.12421875 0.0171875 0.0703125
4 0.38359375 0.26484375 0.03359375 0.08671875
4 0.5453125 0.0296875 0.01875 0.03359375
4 0.48125 0.0484375 0.01953125 0.0390625
4 0.5 0.0390625 0.0125 0.0390625
2 0.54375 0.0578125 0.0265625 0.04921875
2 0.47734375 0.090625 0.03203125 0.06484375
2 0.46640625 0.01875 0.01953125 0.03515625
5 0.046875 0.50546875 0.09296875 0.18828125
0 0.53203125 0.115625 0.015625 0.06484375