4 0.2328125 0.61484375 0.0484375 0.17421875
4 0.34296875 0.48203125 0.03984375 0.096875
4 0.4140625 0.46953125 0.03046875 0.109375
4 0.6171875 0.4734375 0.03203125 0.12890625
4 0.55078125 0.3015625 0.01875 0.0609375
5 0.4078125 0.3859375 0.05625 0.11328125
5 0.3484375 0.61953125 0.10234375 0.19375
5 0.54453125 0.3953125 0.05703125 0.109375
2 0.4703125 0.4921875 0.0828125 0.21171875
7 0.5 0.25546875 0.03828125 0.1046875
7 0.45390625 0.228125 0.04296875 0.08515625
3 0.55546875 0.215625 0.03203125 0.08125
3 0.59921875 0.31171875 0.06171875 0.13515625
4 0.05703125 0.8703125 0.1140625 0.25625