2 0.42734375 0.65703125 0.1171875 0.30546875
4 0.35078125 0.4875 0.04609375 0.11015625
4 0.309375 0.57109375 0.03984375 0.12890625
4 0.7734375 0.71875 0.08046875 0.1515625
4 0.73828125 0.8109375 0.08984375 0.165625
4 0.49453125 0.38828125 0.02890625 0.08671875
5 0.6984375 0.52109375 0.09296875 0.15546875
5 0.63515625 0.37265625 0.06328125 0.1140625
5 0.53984375 0.32890625 0.05625 0.0953125
5 0.3578125 0.22578125 0.040625 0.07421875
2 0.43046875 0.3625 0.07578125 0.11015625
7 0.51796875 0.18359375 0.03671875 0.06796875
5 0.48671875 0.13046875 0.0234375 0.046875
3 0.5109375 0.08046875 0.02265625 0.04140625
3 0.5296875 0.12578125 0.02890625 0.05625
2 0.42421875 0.18671875 0.034375 0.06328125
2 0.4609375 0.234375 0.03984375 0.09609375
3 0.575 0.70625 0.15625 0.465625