3 0.575 0.628125 0.140625 0.440625
5 0.6515625 0.428125 0.06796875 0.14921875
2 0.56796875 0.2765625 0.0609375 0.103125
4 0.38671875 0.3625 0.0265625 0.09140625
4 0.30078125 0.396875 0.0265625 0.103125
5 0.5296875 0.14609375 0.02734375 0.0546875
5 0.50234375 0.07734375 0.01953125 0.0375
5 0.54609375 0.11328125 0.0265625 0.05078125
7 0.4171875 0.13671875 0.0328125 0.06484375
3 0.42578125 0.04453125 0.0171875 0.04296875
4 0.375 0.14296875 0.01015625 0.0515625
2 0.434375 0.0125 0.01171875 0.0203125
5 0.4109375 0.0328125 0.0140625 0.0265625
2 0.346875 0.30703125 0.0625 0.09453125