0 0.615625 0.315625 0.01953125 0.071875
0 0.62734375 0.3484375 0.02109375 0.08125
1 0.50234375 0.4125 0.11328125 0.41953125
4 0.27578125 0.5578125 0.059375 0.14140625
2 0.3359375 0.39375 0.08359375 0.13828125
2 0.5671875 0.8890625 0.1375 0.22109375
5 0.65703125 0.45390625 0.0625 0.1359375
3 0.56796875 0.28515625 0.059375 0.14765625
3 0.375 0.18046875 0.0453125 0.0828125
4 0.56875 0.4140625 0.0265625 0.10625
4 0.62109375 0.5 0.02734375 0.10078125
4 0.6234375 0.60078125 0.03828125 0.14765625
4 0.63359375 0.76640625 0.05390625 0.1859375
4 0.71484375 0.9328125 0.08515625 0.13359375
4 0.334375 0.21796875 0.01640625 0.0609375
4 0.3578125 0.2734375 0.025 0.0765625
4 0.40859375 0.1984375 0.0140625 0.059375
4 0.5265625 0.2125 0.0125 0.05625
4 0.4046875 0.12265625 0.0265625 0.040625
4 0.43671875 0.1234375 0.01015625 0.034375
4 0.48515625 0.1859375 0.015625 0.0390625
4 0.52578125 0.17109375 0.01015625 0.0390625
4 0.5140625 0.1875 0.009375 0.0453125
4 0.49375 0.16171875 0.009375 0.0421875