5 0.90859375 0.86484375 0.18203125 0.2703125
5 0.5125 0.46953125 0.08359375 0.196875
5 0.321875 0.22421875 0.05234375 0.115625
5 0.040625 0.3484375 0.08046875 0.1640625
2 0.35625 0.6734375 0.14765625 0.41640625
2 0.42890625 0.18984375 0.06015625 0.14453125
2 0.36328125 0.10859375 0.05390625 0.10078125
2 0.44921875 0.09375 0.03671875 0.08671875
4 0.73125 0.678125 0.0625 0.2109375
4 0.440625 0.4546875 0.0359375 0.1515625
4 0.5359375 0.20703125 0.02265625 0.1015625
4 0.5640625 0.125 0.02421875 0.08359375
4 0.31953125 0.16328125 0.021875 0.06875
7 0.60703125 0.2640625 0.08984375 0.20703125
7 0.4984375 0.0421875 0.03671875 0.08203125
7 0.45625 0.0234375 0.03359375 0.0453125
6 0.4 0.0375 0.05703125 0.0734375