2 0.67734375 0.7375 0.17890625 0.3546875
4 0.42890625 0.5859375 0.04921875 0.140625
3 0.403125 0.40859375 0.09609375 0.24609375
7 0.6109375 0.29921875 0.05546875 0.15078125
4 0.503125 0.44609375 0.03046875 0.12265625
4 0.47578125 0.21015625 0.02109375 0.07421875
3 0.44140625 0.18046875 0.05859375 0.1140625
2 0.5359375 0.246875 0.05 0.09609375
2 0.49375 0.13125 0.03828125 0.06484375
6 0.51796875 0.078125 0.02265625 0.05625
2 0.46875 0.059375 0.025 0.04921875
4 0.3578125 0.36640625 0.02265625 0.09140625
4 0.53828125 0.0390625 0.00703125 0.034375