2 0.553125 0.35234375 0.08515625 0.134375
7 0.40625 0.35703125 0.08203125 0.2
4 0.5109375 0.47578125 0.0390625 0.11875
5 0.44609375 0.6765625 0.10234375 0.2265625
4 0.60703125 0.86171875 0.06640625 0.21875
2 0.81875 0.821875 0.30390625 0.35625
4 0.53125 0.20234375 0.0203125 0.07109375
4 0.6046875 0.8578125 0.06171875 0.203125
4 0.5125 0.46875 0.03359375 0.12578125
4 0.528125 0.20234375 0.015625 0.0765625
2 0.55234375 0.3484375 0.0859375 0.140625
2 0.81484375 0.825 0.31015625 0.35
7 0.40625 0.35390625 0.07578125 0.18828125
5 0.44296875 0.67109375 0.096875 0.2265625
7 0.46484375 0.1515625 0.04296875 0.09765625
5 0.409375 0.1484375 0.03671875 0.075
6 0.50625 0.08828125 0.04921875 0.08203125
4 0.509375 0.15234375 0.0234375 0.05