4 0.72421875 0.34765625 0.04296875 0.13984375
4 0.653125 0.42109375 0.04140625 0.140625
4 0.5375 0.54921875 0.03984375 0.165625
4 0.3125 0.71640625 0.0640625 0.20390625
4 0.38359375 0.1 0.01640625 0.05703125
5 0.63515625 0.6234375 0.11328125 0.24921875
5 0.5890625 0.87109375 0.14921875 0.25703125
5 0.26484375 0.9140625 0.15078125 0.171875
5 0.4265625 0.08203125 0.04296875 0.0703125
2 0.225 0.55390625 0.16484375 0.28203125
2 0.421875 0.665625 0.13203125 0.41015625
2 0.55546875 0.30078125 0.05859375 0.15859375
2 0.54453125 0.090625 0.03828125 0.07109375
2 0.46953125 0.20390625 0.04921875 0.11171875
2 0.4796875 0.11640625 0.04296875 0.0765625
2 0.390625 0.17421875 0.053125 0.11015625
7 0.30390625 0.18046875 0.05859375 0.14453125
7 0.484375 0.06171875 0.04296875 0.078125
6 0.46328125 0.359375 0.0828125 0.22109375