7 0.396875 0.165625 0.053125 0.103125
7 0.5 0.18046875 0.04140625 0.10625
7 0.44921875 0.4515625 0.08359375 0.22421875
7 0.375 0.8421875 0.18984375 0.315625
7 0.340625 0.28671875 0.084375 0.13515625
5 0.2765625 0.45625 0.07890625 0.1671875
5 0.55625 0.41796875 0.07578125 0.13203125
5 0.56328125 0.553125 0.08984375 0.14296875
5 0.5828125 0.70625 0.12109375 0.24453125
5 0.56796875 0.89453125 0.1515625 0.21015625
5 0.41796875 0.61484375 0.109375 0.16796875
5 0.403125 0.32890625 0.05546875 0.1328125
5 0.6265625 0.34921875 0.06015625 0.1328125
5 0.7140625 0.37265625 0.06484375 0.14765625
2 0.48515625 0.2390625 0.0515625 0.0828125
2 0.4703125 0.30859375 0.06015625 0.07421875