7 0.50859375 0.1328125 0.025 0.06171875
2 0.33671875 0.521875 0.12734375 0.27109375
2 0.46328125 0.4125 0.08359375 0.184375
2 0.4921875 0.2984375 0.04140625 0.125
4 0.2921875 0.8203125 0.04375 0.2125
4 0.39375 0.7796875 0.04375 0.23046875
4 0.45703125 0.84140625 0.0375 0.25078125
4 0.43984375 0.66328125 0.0484375 0.175
5 0.52578125 0.6859375 0.09453125 0.209375
5 0.53828125 0.45 0.05703125 0.07890625
5 0.54453125 0.575 0.07421875 0.1515625
5 0.5484375 0.1546875 0.02734375 0.053125
4 0.4125 0.28046875 0.0328125 0.078125
4 0.31015625 0.36953125 0.03671875 0.10234375
4 0.3859375 0.2203125 0.02109375 0.0578125
4 0.4109375 0.17109375 0.01484375 0.04921875
4 0.42578125 0.1640625 0.0140625 0.04296875
4 0.5828125 0.146875 0.009375 0.040625
4 0.6046875 0.17578125 0.0125 0.04765625