7 0.27890625 0.38359375 0.08671875 0.11640625
7 0.52265625 0.590625 0.1 0.2703125
7 0.14609375 0.65703125 0.18046875 0.38828125
1 0.60390625 0.40234375 0.128125 0.25390625
5 0.4890625 0.2546875 0.03515625 0.0640625
5 0.52109375 0.20625 0.02421875 0.05234375
5 0.43359375 0.14609375 0.0203125 0.03515625
3 0.37578125 0.37890625 0.0796875 0.203125
4 0.33828125 0.35625 0.01875 0.0921875
4 0.2703125 0.5046875 0.03359375 0.13984375
4 0.46328125 0.18671875 0.0125 0.04609375
4 0.44375 0.13359375 0.0078125 0.03125
2 0.4953125 0.18671875 0.03359375 0.04765625
7 0.51484375 0.1515625 0.03359375 0.05859375
7 0.46640625 0.3109375 0.04921875 0.11796875
7 0.48828125 0.40546875 0.06796875 0.17109375
2 0.54375 0.2671875 0.046875 0.0859375
4 0.50703125 0.3109375 0.01953125 0.065625