0 0.68671875 0.384375 0.0390625 0.128125
5 0.534375 0.59140625 0.0984375 0.1921875
5 0.41953125 0.70859375 0.10546875 0.25859375
5 0.41796875 0.51875 0.08125 0.15234375
5 0.4421875 0.40859375 0.06015625 0.1328125
5 0.5125 0.45625 0.065625 0.12890625
5 0.590625 0.42109375 0.06171875 0.1421875
4 0.5296875 0.378125 0.0296875 0.07578125
5 0.5453125 0.15703125 0.03515625 0.06328125
5 0.56875 0.2140625 0.034375 0.07890625
4 0.9515625 0.76953125 0.096875 0.21328125
4 0.659375 0.7578125 0.07734375 0.2046875
4 0.2359375 0.66171875 0.07109375 0.1953125
4 0.29921875 0.43515625 0.053125 0.15625
4 0.54453125 0.0546875 0.01171875 0.0296875
4 0.565625 0.0796875 0.01171875 0.03828125
4 0.5734375 0.128125 0.01484375 0.0453125
4 0.596875 0.15859375 0.01484375 0.0546875
5 0.49296875 0.08671875 0.025 0.05
2 0.5328125 0.22265625 0.03984375 0.10703125
6 0.52109375 0.0390625 0.02734375 0.0484375
6 0.4484375 0.06640625 0.05078125 0.06875
2 0.4265625 0.128125 0.0328125 0.059375
2 0.4625 0.1234375 0.0296875 0.065625
3 0.37578125 0.37265625 0.11640625 0.2390625