7 0.65546875 0.65234375 0.41328125 0.18125
7 0.3421875 0.42421875 0.2203125 0.08515625
2 0.3171875 0.5640625 0.14921875 0.0890625
2 0.15546875 0.50234375 0.1 0.04765625
2 0.17890625 0.39375 0.128125 0.08046875
5 0.165625 0.62890625 0.08359375 0.05703125
5 0.115625 0.61640625 0.0765625 0.046875
5 0.0609375 0.5375 0.075 0.03671875
4 0.0625 0.49609375 0.06640625 0.01875
5 0.06328125 0.434375 0.07578125 0.0375
4 0.03359375 0.4625 0.0578125 0.0140625
2 0.07578125 0.58671875 0.07578125 0.0421875
5 0.3890625 0.2359375 0.18203125 0.1140625