0 0.70859375 0.45859375 0.034375 0.11640625
2 0.65 0.60546875 0.13125 0.29375
4 0.5453125 0.36796875 0.02421875 0.096875
2 0.475 0.29375 0.04609375 0.08984375
5 0.37421875 0.62421875 0.08828125 0.22109375
0 0.23671875 0.55390625 0.04140625 0.13203125
2 0.4078125 0.2390625 0.03515625 0.06484375
5 0.45859375 0.20625 0.02578125 0.05078125
5 0.4578125 0.1734375 0.021875 0.03984375
2 0.47421875 0.153125 0.02578125 0.0453125
2 0.44296875 0.1515625 0.0203125 0.0359375
4 0.41171875 0.14765625 0.0078125 0.03359375
3 0.38828125 0.11640625 0.0203125 0.03671875