0 0.38359375 0.540625 0.0390625 0.1515625
2 0.81328125 0.7796875 0.22109375 0.38203125
2 0.46015625 0.52421875 0.09453125 0.24375
2 0.61640625 0.18046875 0.03984375 0.0671875
2 0.528125 0.13515625 0.03125 0.0703125
2 0.53671875 0.1015625 0.028125 0.06171875
2 0.540625 0.06640625 0.02421875 0.0421875
2 0.465625 0.1953125 0.03828125 0.0765625
5 0.590625 0.68671875 0.09765625 0.234375
5 0.42421875 0.8328125 0.115625 0.29921875
5 0.3328125 0.63046875 0.09296875 0.22265625
5 0.665625 0.4015625 0.0671875 0.1328125
5 0.71328125 0.271875 0.0484375 0.09921875
5 0.46171875 0.2640625 0.04921875 0.09296875
5 0.48046875 0.146875 0.0296875 0.05546875
5 0.5765625 0.1140625 0.02578125 0.05390625
2 0.57421875 0.03125 0.0171875 0.03046875
6 0.5421875 0.02734375 0.02265625 0.05078125
4 0.3078125 0.77890625 0.065625 0.17890625
4 0.5 0.71484375 0.04375 0.1953125
4 0.56484375 0.146875 0.0125 0.05
4 0.55703125 0.065625 0.009375 0.040625
4 0.46875 0.07109375 0.01015625 0.0421875
2 0.48359375 0.0828125 0.025 0.03984375
3 0.49609375 0.11171875 0.0359375 0.08046875
3 0.5046875 0.2875 0.06328125 0.18828125
5 0.46875 0.21484375 0.04140625 0.0515625
3 0.5109375 0.07421875 0.03125 0.08046875
6 0.52421875 0.1921875 0.04140625 0.08046875