5 0.5703125 0.5515625 0.0875 0.1953125
5 0.58671875 0.3609375 0.0609375 0.12109375
5 0.5015625 0.19140625 0.03359375 0.06484375
5 0.46953125 0.128125 0.02890625 0.05546875
2 0.55703125 0.175 0.0390625 0.078125
2 0.509375 0.32109375 0.06484375 0.17109375
4 0.4625 0.390625 0.02578125 0.10546875
4 0.42421875 0.33828125 0.028125 0.11484375
4 0.38203125 0.190625 0.0203125 0.075
4 0.425 0.11484375 0.0203125 0.059375
5 0.5015625 0.1078125 0.0234375 0.04453125
5 0.528125 0.0984375 0.021875 0.04765625
5 0.403125 0.75546875 0.10703125 0.3015625
3 0.84140625 0.678125 0.28046875 0.46640625